ID,Predicted,True Label
9a62f4b8b30fe62540645745d328627bdca014cdc190cfdba18bec01ba391ee5,1,1
120eeaafa6a3ed1210a494377fec71bce1a8cdad7e38dc62cb6dd9eb1740498c,1,1
b094b7888ab17fb8b33b4d4df54fea6347e44f504e56206c14acbf53f23e6ee0,1,1
4701b2d035d452f3e00001d83bf56e5e91a3672a658a1b30d673a08449f5fdcf,1,1
ddcd8d40da92cdde3896ec4ba5005a738222553bf5411802901c7c5cf79d12ad,1,1
5e7ba560190b92892f9035a5ec983f7cb692f97e94267be7086a87b613617fc4,1,1
c3a229c691b4f3314e05841626f510008e88d4d250770a9ced6d7394e7d23753,0,1
07170cb948c8dfff1f28cb0dbfc2ba686c17a9584dca6ebe74c2822f0caad05d,1,1
1a723b33a357d8a58f55359658c1c2c4ce3634d50dc42294e376032afefd32db,1,1
0eee59d406a9480919dc9321775c46100bb801c00b4b64e5501b86e3f609eadd,1,1
7cf320aaa408dba4142d0850f38f3370dcb851822d5d4a980d8c4bd55e73bc3d,1,1
3cec51cc852b870ae5633c255a29160553f751972f6ced119951626d324acca8,1,1
52d1872beaf582ade48153a04b67408aee33e34c3c103df1b21566ec8ffaac6d,1,1
0458bcd5b305efed243166b07064fe56d318682ed2092df5b5447679136d76cd,1,1
1670bdee2df8556a329d6349876bfd621f5274855bf29eb90bddac133c7dcaad,0,1
a5a05b76132a0b35e794edf7969ca3a4df08e849dde426548b825e1c3a5189ee,1,1
82c434212a334204a949e817df064f99fbb54be6a64f6cae9c846d8e9e0c743d,0,1
c40cdd23a106d514baf5f4edc2f5da77ad9d9cabfdcc12aeb8652bf463f342f7,0,1
997c533f727fff6d108d890b0276af3b19c6afb9e3ebfd9cd4f4a6fc241b0589,1,1
fb463dab45f8eb631de6057bb29f6b50ea122715535125bb9f1879d586900cfe,0,1
93fdb3c203eacd5212d197b593b3aa9231b98eed839e7e705bb2763622b70b5a,0,1
d176af183bdccbc59fe8dd1f4d6928c5ba26ac79f432f82eccb34e21b9351623,1,1
f153be7443c2f482cd86bca8c17ed265bb8f66c349cfc3a8ea9dff7be95547f4,1,1
0eab19ff0780f26f3bc2439778b69c6191fd744998c93fb50c3ee08a3fcabc85,1,1
bcc95cb700f27fdc01433749b5d134cb5fa215b83620a1b43b6c173bf33021e0,1,1
73b05503578acf8d98b9d27ac343b6173d3edfc56f3c785e93d34e0b22e79dfc,1,1
4909c136e0a99372c632f9bc87619af01251b1efccb95e6bc67dd1b77c534534,1,1
6bfe871c136abe4717907d5e6ef940e2b9be2f18c4e724ecb8cb872808c6fdb7,1,1
5b76e3e0759e51b3d2a931b9f5faf54975d69fa3e3658ca0057116a98d9447c4,1,1
fdc757fda2ddab76f0b5358facd66764ad8f5bb55bbc7bfcb0e1d985d5cead4b,1,1
09bcb2cc69a081e5c122c569102131163a5eb8b2a0ae90ce65930a2274404007,1,1
9e331fb218d3a5ed717d9b51d359c8ab97261a62c69d185656b2701013ea4a45,1,1
3a0ad1e791476db81fcd4302191935143dc38dc75dc7d1c22d8738cf5ed3297f,1,1
612946b5c779f6f6c545bf173b6788994aeb1739e1e2552d2139ef084bec8a63,1,1
6ae839a5a015ff929ebdb6708cb8abe0042b261abb8907051c53af35516ca1b7,1,1
1d37a2cead0a12ef7ea387de81e449ff1f0290fb46b15bf3d2a2ef7fff3bdca8,1,1
e3086e8bfff9c9b92baf947ff349c03d53fffc15421eb2051cab7e49edd189ce,0,1
3a861e2d7c9f5eda72f67173c9c444b84bd4e588ef9880ee00303b5330eefcd9,0,1
4f50a5b317572103f3aed79c2cb13fbd66ff50bd1186aa205c7192442b269653,1,1
ae5af311f6b9911db36ef1df5e6d5672f285c333e2325bf58673e530c021bfb6,1,1
39ec17d193b5af37e53c0861991a6c60f1c6b1bdbd8d09fdd0694bf892fae02e,1,1
5cd901dbdbeb9f314b608de13699412ae03599229aa1f194f884ce3ff178be2b,1,1
dee30ab5e9afd7aed98a164ca1fd2d7064963788c064282394c516ad7c5a1f9f,1,1
4bae89f2f637e201b1ebb60c029458c128f663b78830238217743f5ce1d196db,1,1
c419f6689bac14de6987d7a516c3e09f71480abddf2021133d6e941924b82f9f,1,1
d2288bf3d0b68249bbcc52590265d8a3f4c6de74a9d4a2af81fc66685c1624aa,1,1
b9b6fd4a3204000c859d06f60cf3e90ce1c6e59f2b09c25d6629dfbdeaf81fc2,1,1
a2a355ea25f4e6b4c867b6ea15c0b72d290bf45dcfe29d16abf4cea1c1ba5c5f,1,1
931b7cdec1341b46e74c264133188e0489e0b55fa3a8e745658d959559351b47,0,1
12c9426f6f284c0ab8a65d77712ff47a8f8ec1428bb451091a0af30880ed324a,0,1
bd38339106cfd5bbb3bd09197c6f77bf00fa89551d0491a6b2601022697bdf05,0,1
25b392148ada0a3c1a493b70221e46e55c9ce5b5284e1d69f4b85540509cf2bf,1,1
0f60249257495f8d9e4ce80deb170cb64655420397b5d39ec83aa116ba75ac44,1,1
65ffb254371162b2e5b263efe5f7d91d904aa902ab8db67e22edc555137fdb0b,0,1
f4fa096bac8920e2c62841ce2ef6d68f580b23f2b8155c8d31d3fb9bcae9557f,0,1
52170eaa14dcd3e81b22001e79b158cc238db66683a54cd9f02ce4792de39c34,0,1
f3f6a902c434af91ccdecd7bf8dfca1d24e10942e1864377e0f0a44c0bc499de,1,1
4348fb64f8245a50349280a7383eb6366966fb626ccfa52cb57a70af5ce4b867,1,1
937389c0e86b7baf95c7868de9033ab6cd8dbd306a64dac42e481ec474dfef82,1,1
fab588d475ae36df768c15e321e9114dd87138cb9b751c28977653716b238b24,1,1
4a45f50054a2430a866b7cd245ecbf12fd51cd9e72cc18e96414658c9d7eb49e,0,1
8d9796f22722c2aecd4f2493ab4e3254a0c4122400b99207a068d2f561ccf3c8,1,1
dd8a39b2476c7a470f06940f2d84aba3e80325dfaf646940a6d68bdf7e219c8f,1,1
56f2cc9e0668ec20c66c9cff731b51ad5db7b4db176a3b812b667162a42725ed,1,1
a9d17445aa68c33c9ee6f889c3fb62b710e9c65152cc4fabaa510a96f90ece74,1,1
76b20d436217791eeb4bf95f55a4b8208c3d10f4932a204b4d486f3f542a0755,0,1
c9845b2dd14e11c749d1713b5e184e79d90f04c81499c2f737f12bb89617a85f,0,1
be8f72b5c56e0062deb10b0be66676d18cd4070d206e3267d99ddfafd04f6e9c,0,1
0f1ca24988dbd27266a8bee036ca17bc94af829d195aee9dd6780d9f971d9365,1,1
623a0da2a1b16fc523ed70375d50f1de961e6cb6513047fab5d0adef1d211d21,1,1
5ad3568e08a8f300b78fca6208564bf4cbd05da817006af8ff58c05cc7297310,1,1
a6a229152d81408467072909f967e8bfef278e398ce47e5a5ed1c349f2781e60,1,1
166bcdb19b6ab4381c47cef767fedbffa59ea4185e90f833b54e8128c126655d,0,1
5172745bb3790f97e0035ff2795d7186b30ce6fd83458415c74b88dd5191e9e0,1,1
e4500b84ddf69b9140f42d3a42ead5879895426955999bf47667495885bea734,1,1
c0b1c6a6ec98e31f82a49d963f64853831c3324f2071a0d32cbf834ae6bb1adb,1,1
f407bd93a27d21b4e00b8b6ab6c9a9dbf8487b4202efe6f0f9b143bceb697a64,1,1
80f14a4cc36463025f3c9b1b5770db4272308a93a7d40e20e874bfc861378e9f,0,1
ac391b477f77f30b16b19d6a09535956a6292e81574759c50138b96d15535319,1,1
6c794ce5ae93b7090da1c334d824e368dd97480f305b4b458064b7c98706c470,1,1
09f1ba378ca75b58cd1e75d24d49b2124d63dab1f7e1d84363ec895e4beac7e7,0,1
a7ccf396e5de28371f08bb9abf1dd4f86933d11cf32983c48061c75bb50a8462,1,1
2ee809a13cacf9504190152e40ce945f7752e81f92b372551768db4f74249ffc,0,1
1ad0bab2b3fb69c164e7d670d10b5c63fecb04a736df602680550261c0714a03,1,1
8b99e89c470cd1ca9a8b70004c8437e6a2a51cec83042474631580a19e0bef21,1,1
68a6d77d81bdd5c16b89509c4b9cefe16db6b09d6b743464be0bfe8065f5d5fd,0,1
86322238906e38dfbf8137987cb4dae3b7c9c588a829afec749c769a6a47d94d,1,1
109375ec2aa1a9e37c1a6edca5c131bdac22b23f13bf774c55674dc71e3df6a0,1,1
5bd30ce69b7d9b85fcf66d14d1981c63748e206423ff1953c7de015c48fcf7b1,1,1
3b144498a71032a315ab304a3424def246eff29af3a06dd5288fc70ead03140a,1,1
44d4c1b4149934fcbb2f9cdd05d06db1830bafa5d5f07dca5e86713405db3a46,1,1
d63f95dcf0c56040314ec093cbe590fedcd8be8affa636b5e78343cb6971eb32,1,1
de74eb1de7a0d0d44ac7c3dff1346294cac1b1b82926f5ca5c6776757ae3b3c0,0,1
432acc618c7326640d0c7850a52196b9661552a7c6aac51d93a561cd3a9e4adf,1,1
6d9bf75aec651d27b2d6208d3517cd3f0bbd2c9a5d4af5d1f9b3fa07e6385591,1,1
2e3f350e17c6127014d413d0a46051f78fa549ad6650a6c9572ce3fc3483607e,1,1
8be22f22a868efa4e4b55a776e7715033ed41d555c50a6078bfcbf588a5f63b5,1,1
56e89ad2fdcaa32cd2ee05eb6492fa5d4376687cc383cdef8a73638a33b22a7a,1,1
98738fc6e1bfab86a9148b37d96288053d62d8e42b5c407a0d791fb5d8b92e2b,1,1
13cf2a1e8798fce9684c135c4e54d80cae138040104eab6750e6562ef80355ee,0,1
60a96d375c63bf95309fdd80a66bbe4f41520b5f82476d8974d00e3fe26cd94f,1,1
4ebfa8e679b9a2f10c3f18947dda1af607ef7ec534bcff5f0efa9a9dae0c915b,1,1
31e9d34c6729e837e3ba726f0d164704acd8d92c65b4f78ae4084a9b3a824b7a,1,1
5064ae520ae1ae01c724f34adfb2ed1c419efdb1308ac9a9c7f02bfb9e484f4c,0,1
03a29d5b4127535a4269ab7933d4f01950dd7cf9e693e768ce06d5a784b4890f,1,1
682c46df5a0ff3e6d2935b67ee38927a062d74beae4d57f6d725d5e98f60487f,1,1
7ccb8d4eac359b2d3294d7fd943407b61eb76d08ea919cebc221743b74c0c0a5,1,1
3eef41f07fe2e96b2e32a9ab2bdd3683c2ba481cd6a46cce054ad43813a46eb0,1,1
4731190229ceb68b3d04d751f9c53634b134e7a4af6dde28f5bbc5aec62ccc1f,1,1
8eab3fd8bb583767ae15ede69cf060ba5ae47fce1f26246a4532dd25bde1c0a6,1,1
033b0d50d41ec8a7ef15b557ef8af4f3d2f6ff7cbbdac8dd341d01dfb141f290,1,1
5a3502d86c3be04994a2e9a2ed18b731da6386754848a1bdc22c48593a37d78b,0,1
87c73a3ce4234fcbd6d47240d93b898bed750a34941d52b21c4acef4368c59ca,1,1
710e8138af1e0620f672645c7715d00145132528469da909ecc36b30b74a6bc7,1,1
8cf3f6abe42f9e4907b1ff6286885fa982fbb46dbc6520eb1972b141000e324a,1,1
c1323015c9710aae5d57b8b9f8fe1aec85d02d02323e92a47131dd920c936902,1,1
02487bb030afacb2fbf38a0a33ae53386de4138753021096409c2ec82494b32a,1,1
caea0f4babb28c42d04b95fce067afc59d7c7bd8173e496564d611c040a7e6f7,1,1
c19fbc8c050f7b07518707a3fa60fc7456a88a165df87c9e37b1f548a7aa920f,0,1
dc13a569773d8de25414580bb48f8a396567256a976f29581c721921bc915ed7,1,1
313534046d419f5d797c49797db343715733f1a06d2231faf0353cbc4606c718,0,1
9395ad647455723669354396787daa63065e6fefef2339811cf27394a8176428,1,1
7d0f5a603aacc54f6d399b30d9489f7a7ccb81b0152c14fe872e1d2f13e42b44,1,1
a59c93f8faadbdb4ae720e95acf6d67cbbcb08d0d2190b3be341dd6bea2c68fb,1,1
009a4be048269ecb17f4254f61c19fa159cdedbb399a00c2bc00da3adba8370d,1,1
66dd42247ee0efb8add5bf8e7a43a6bdad3067156d4c03b32b8ffe6ba85337e4,1,1
a689aaec5487665ebb1be23bcd76a1b41e2c628add90b530c774220407613bcc,1,1
789d606c51b34ce038f584dc2a08792215e5e18fcc6473780a30de1ed2ea6cb8,1,1
466690fe9f632d19640d03b20ab0a5c0dc5ead5ddb5ccf50996c97924fe8164e,1,1
5e9370fc9dbf1b6dbb355a90fa70ec580732cdccc2da26452c6aaca37afb6934,1,1
50ce7d4bed0bcf98cc844482aab4beda4b8baadba0a399c0dc64281f4873b814,1,1
408f5e4755ece1d6f3b7e2bece05bbd6b70f42c6d85c1ac6658db9217b3dbfcd,1,1
c187246ea47aac5b0fb74439fb4e87504a378b06e967dee639b9a9af03783974,1,1
9ada223be12e8bd8d8a6db409109d3c72a10081bac98cad4317027b0a75c8414,1,1
82133cbc8e427ba41142b021b7c8e5366ff2d203e1c976c5434efea52a07879e,1,1
8d5f9226445732548bd120ff9a3e56730c2e042820f24c8a13581d9831080c16,1,1
6d038532d8be79da07f1ea23692496946999dd16f9b781dbd3bc40cd830235c1,1,1
5634913873906f9bba5e6fb31e87c9826bcba9e892920117178312d6cde122e8,0,1
fe3c66d775a50bfd94ab4f5dcf9090c9e2dc06d9b155337328ba0c41d913d29f,1,1
930bf330f0059219c1629c6bf05f2883521f4af470088b5a5863ac3787ac5bcc,1,1
0318815f9df1ff19d8b5bc56069f512b1cf4ab98fef202c6117b5fb0b7bbd579,1,1
8162ca4a95b151d7cb71d462341d3656b624c3c8f652ffe60f9ce461db8327f3,0,1
490c2c9a18a1e3adc23b0b94d55f7bd58b5d848df861ef1d6441dd0ebdca9c15,1,1
0319ed7667692a7c6ce6be77537dc3083ba79d842695e986abe2ddf83fe8452c,1,1
41ae7451ab406c223fd8fc2cf3f4732fcfb2bcff6ad1611311547b1f12b1e753,1,1
7e91514bf644f064b8c452a56cdaf6e6f9494809d9f1fc91316af291f69ccdac,1,1
4acc406df56a9b577b3dfe2a7e77280b603f78ec3951c3ed58d4ae33d6ee4add,1,1
8a9f238e7db54ed7662dc84ed52598d12a0f912962427f6054b812b0248b4211,1,1
e322583f0800e5e4f1297d935e60b2ef4072171e5f9ebf49a0199f759e4b7fca,1,1
506530ca78b4c68277fd68d62778630816e9ecd9664ff62f6fb0d2f62d294c3b,0,1
a93087f35519cb9f08fefe568da68a24e877ff480bccbc269bdc026654380568,1,1
2f417b753e0fc03f49013fe7833684b3bde9f824b0864e07ab0c19344481df68,1,1
963db9fe429caa7c17d1dd21a5feb8338063c616ba93b3c013ceba16cd33c1ed,0,1
e9f153570fc5eabaa8c9da5f6689a6bc8a0b92aa4a562c23e267774f4d286a11,1,1
5dbbbc2999ed652ba7c5607cbe6c98cca6cc3abbfcd4a5363fc1d9b9aaef1de5,1,1
81569c58ba0412d1ab9fb12495a07ef70dd5e1224663943e93ee31131cd43dfe,1,1
ea2bbde7abc31795954afe134d6ef366a164fac08b2d828adf4c693fe2f25edb,1,1
d52345c3bbfb3a385a3dff0f312ebe2334378d624d7ce882357a62beedbc11c8,1,1
e07b2b630d43d8a54b022c08221d033d089f0dea4e95948020f7756444de25f8,0,1
1306cf252670f061c469b8f0ed157d0029583b7a5b33177e8c7cd7573ebb2543,0,1
f1b768f3b75529dfc0034eef6711a8861e2c72d6dac2397a1a622e73a0171065,1,1
e29301ce2a40ab11bade0d2cddb78416fa95f4accb103ff1a054d6ddbfe4a0f8,1,1
9ca2d856691c640c2dd21464b3e71b0a1b2dbaca3f73d8b5d34f1b4941eb75a0,1,1
9ede4ba8f59c5ac706efb3f169553c440bc5f155b5479021d69584770266149c,1,1
0546d357da36a0d4125a1d4d7a7e7c8470d0ac1dd7bce774f90b192085f8511d,1,1
853c4bebbf8980df967c0600aa213691c6ed35bb55a2daaf503e277e82c4825f,1,1
77101f542a42d2f1476b99c66bf60666a4250771a57b4e57cea14ba4101b4e55,1,1
7d9bc6d0ebc14190b911acf603da18a48e8bab90f4294749b17eac0a80ad8b5f,1,1
1ff2c295713df178c43e6da6a517bfd705587655e747df5e3e8acabc4d1c3142,1,1
0284aaa05d5c051f3f733d9e9bdef5784d919642b2cbcb6b97c03389342cb246,1,1
add462ae09c091ec473ff89be2ea7a34f17ae90fb0d964d86885f92602a3cae8,1,1
606d87d53e838ea89e6d842a46818d8419fe6c3ad96f1f993087dabbb6486f8a,1,1
f8bfdbe12520631975949b6e9f2552a27b74717476e3aca6dfa12476dcf92963,1,1
e4a7f0a9a670de2952ab6ce12f1a930309e8d1b2b5bb6c30a65aad85922beb8a,1,1
da2b98015d85fb0f84c4f5d459e75259d7a5107afaca7f0e5b674d49afd98245,1,1
4681df371e730076a6419438cfa40631a73f111ea984a28e49375bf628cfbcdc,1,1
9bcb3399287e1448d5c6466335d40e6d73ffa173a76cef42c18f3245acc0b166,1,1
5a7df8e23d1925f0ddf92f0a2a753d6724431baafb97893e0bbc0501dede65b8,1,1
1dc622b922befe0c135ab640d675e4d2ce17e732a9446deb701e616f43e2b211,1,1
185cdd0f384f2c594518928ee945bb8a6567e31de027ba83d5e8010ebdd3d7a6,1,1
b0665c921127edb0d35026fc2605b0b8e2ee3c3b5dbf35bde64e75814ac2d899,0,1
4ab864e446c4ba2cd156e37e3cd2531752f180ce66a9db9c7fdc1b146cf1642b,0,1
f6c4898c167ca4325a3b83a6cee17f4fe4717689081d4990462e7e1b33dc6d96,1,1
329243148d37bbd596ef58225e42cd3e1484655e21a0154d289769f7e6c2d83d,1,1
16e5d2f90789fda4cfdd7b5b9a4f52e50069812ca70fba1c1521cfc5eb0a7010,1,1
9ee2cd2094e6d231e961af1b7a42217bf148d05eb71b9c5d06df67dd680cb5b0,0,1
a1992c321d0b8156ee21f971d0a91db4bef8072439130f50f7003a92b1f7b7e4,1,1
9bd74ad273b66b701e633c4d6c5979364a441eea8a212bff8bab0222d9b80a21,1,1
c1c6c286550a89bb21987e82bbfada7adfb6b9ab9f24b4793cb28635fed85a5e,1,1
f517bd9cb91148224e19d661d4ed101d057320f35958fac1c5b14cf9dd3c48d3,1,1
fb8bb8ac89d98d343a054863fb5b25accc2374bf8ea9f756bed402b0a5233cc6,1,1
27a4a32d2bbb76dbe42b2d37778a52d662b24b02eec6b993bbb820aa0550f723,1,1
8559a5fac2250d08ed9c613ec52fab9abbee678c8df23e0b914e7fe10691b50a,1,1
ed546a4d208b811c7e07bc355858464467366f8e4ef3d05401a3f64c439ba857,1,1
7df00f863948440c855e3838b60bfb2de7f1657c58e527cec64ca89fb447d39d,0,1
1cc163daf551e81fd2c2ecd59df81b007bc90f45f03a95c5581c46ab293140a2,1,1
f57edcd3fd5c3033e32620b4e07d0f60c2d6b3d2c805b282c0b8745041b7f130,1,1
36874791d7a2df2cab9f5403974f87124e231f9b6c13cda68fb61f49397cd57a,1,1
cc168837e8592bab31969f9d188f5b7247b263381028c1a354fb69c0e7dad997,1,1
9a773e26ce8fa9156c9cfb643b4fb118d7f7e3accbf066c9b9754944b891c9a3,1,1
d06a3d4e6e8459ba6b0f52b4412e99d02835aa71aee8d8e14cf3ebc4d3f50966,1,1
31be152d35b5acbd811ce70c61ed01e8e0f9df544b9baf7b59a111330e6442d9,1,1
7b8d0eae9a91907514197fd62c2d6c849bf1c84eb59c198259eef7f06e145a7a,1,1
c5d1372c95beabd9d78c96329aa99192069cac64e54026694d5a1e40863f9818,1,1
18c6b1ab8637fb8b578fc350209439a96d5cb1944987d85e73da47e888b445c2,1,1
1b2019806a359d97d6408122f20bf91b58e87305a59697a612995eddfb0d3dcb,1,1
ee7b9094a84fa60cff8335938c61983b1d9381859597b5312b933420666d060c,1,1
94a3d55a62fb111a30807e72fa785273e18fa7a14ed3b75d66a653b5abf7d7f4,1,1
31f72af9acc0e3344d40e501b2204eb461df8f0f52b42e3eecc76000489eb606,1,1
bc9eaec05f276c22c7f969652a457cef81f8b341c0a8c0487ddd1e25ae267347,1,1
5dec5a4c82c2efb68766e595690eb671acc021ed63d8b17e30becf4abaed845f,0,1
8051deda5a0808114278c743a1085d44fdbf88f337afcae57b063174d63e635a,0,1
75e9bbb205d6ff10762d834667d0d1aa9acd123fb16b009de36afd216f3f0b51,0,1
bc729a3888932b403bd6d6431f1f308f638619beb8e1c627a40c3de88711e15a,1,1
4ba9d7e3b14a3bc77a343301b1591236e81a862351d97d19b9090e46f06dcbe3,1,1
a4d4104e058d7d0b9f11bfc0a8cde06ae455749eb1a8d4df210db10bbb8966d3,0,1
61ddfaa81dc8a612f20614229954fdee265fac1e081ab5a72df00431fa78b9b7,1,1
f8469cf10973ad38f7e89495bb75adda2992ae5f1e9cf9cd10847c2d531f0925,0,1
71e1f4adcbb2e7da7a19ec8725928d6ad551636728eca6ad5ed9384be5105b42,0,1
a4ed0d074acf0d83de0160be703d025794136c6525285b0a203eed26c6420d93,1,1
b199721216191a4d0c873b5303cf95d7b704b25182002daca2b03d0e76185b60,1,1
f757b0a4396ac3155825646335fbf77e0b5a9ab7cf25669a9e4d5d32ce33ffdc,0,1
f96424957ced88e90da479fec2c01231276861c7bd1f9e898c18b8b23393ed89,1,1
a67e620bd7b0e2e9033ecb3910377c119c131609e77519303404378c2137fb12,1,1
5e012f3ee48ef281139014405836d46dc3bdc3386337f910b2dc383ed16dfebf,1,1
cb0b71dcc36d36bbaaf9166c2239e97d620d7feddd525abb04ed51cf7f408a02,1,1
0713c76d6d70e5df2c856b8f80cea8ae34e8e626108b3efc3e5c1869420a1e11,0,1
f58343add4f5c794acb0dc917b55ef279a427110b3249c93d40c02a18c26f3e6,1,1
ffed490cb7ba3ce6055b5b373b72ea500961c2bcf967a47741d942738664f27a,0,1
47d22dffe903d17da1c49449f559fd7a7b253ce8d7fa3cd9995a65443672d7e3,1,1
0a6c5d10f308d377e7fdce5d40a5f26e1a76cee4fd5254c2e8aeddc0b6ef9ddb,1,1
fbc91e7aa34fa2079df4c6d0828e8dcdfd55271448c509798626b1297c3346e7,1,1
8bdefb324539a7f56d89936ffe77ecacc69a46a2fc5818aa6708cc5da17a3ca9,1,1
38743d2c0dcfcbe2271d057a7d40959d6b6c9be1ffdc57baefa195fe940a449d,1,1
750322b41db1a8dd4c86b74380ca982ecd9ceb69c0bcbbc7a208459c98f0f2ce,0,1
67f239b0740201c9ec56eaddb79adcc28cce129d80e75a1695a4c703899393c8,1,1
7080b4608d00cf86b7c244ad342cc81f8ab31377c2eec47462bd2db6a19bca20,1,1
dc58255d10efc3e52ad30accc47fdedf19351e3a4517f6ca4836425d52bf0136,0,1
2b663e38386d0ddabaaa35581ccd31ac2a30a9db3bd390207e05b2f6d3d59bdf,1,1
61b32a5547575d9ce6f6bed72202c041c5fbd3bbe93846d6791af4d06b6a789f,0,1
a36bc34aa5092addae84df627635690bf6dc3ea317176b8da88a0125e7398c28,1,1
454d577ce85173941b10817c8d302ffdc8ad5150cc8ba081189d56584e4b0686,1,1
2562fa58c180a4572689c0390c2eca28c758d65d3c0b2a1d61ad8eeb18ef98c7,1,1
327808a13e4a6d1a5143e4cd633a1e30ec84ec9fad32ee0c71ed90c1197cc043,1,1
0908cb58af6ff6bd9ede326b8916465b6f393f0d04b200b54d21cc4894943751,1,1
933e617dd279b98f481daccfa549cf057108ca7fd8050cd3ba5f12afd308b20b,1,1
42ac7051774a674669392200e9bf02615b267dd58930973755176730149d008c,1,1
99ddf4ea79da65d5ae636aaba04241d49b77efd980efad71e0d67f73a926d3e3,1,1
76bb3d40a838f69ba7983a377373b10f45224636c7176e5b0cfa0408f307b514,1,1
6a1748662f8fff24a99f6b237d9d0e5820795453e0fc84495aabe0a18b7b1722,1,1
047d903876b78f70e21ad71113e8f82a86dac7a8d245f44f4f54bc748f9a3a8f,1,1
fa440bf39c380bb457c33c0d130b8eceedf29193cb067705388fa3216ef6d065,1,1
b1d9aa36f247cf0c1abb0348c671457624e04372da945786c7f2f48690ede52f,1,1
688d350d7f45d1e7381a9c78601597ba6b6be549c6074d483c16a3ada8af18db,1,1
3d78c1d64338b274c8df992fdb3c467207478e6080a67b39c7618fb1cb6952ab,0,1
5f3d6065e8dfb6c7e2180f415a859be1d2b2925917c29084ac6afa7608b6f187,0,1
32619cb6613303f94ff6b98caa0a6bc5ae17f97cbaa2752ccc23ca1e60b8be3d,0,1
b743dc4cd99b841aeebff5c3a68ad879603ce1dcec3d69a0d53cdc693dfb596f,1,1
d6dd3b306d8012454a832a3baad6fef9dd39427c6521f396f1017df19c01cae8,0,1
aa640448119a957d939013284b8a16bcd2e83372d154ec7dff085220d0e31112,1,1
92515ae0a7c7fa08032ce7a7609872e8952b7332659c744c8088f0fb1a693b9e,1,1
8ad7dd7dd45b0efa1b1ea493826b6598ae40dd69a76301dd55d1262b2beb54bc,1,1
50c9d031c416f7e7d15b8fe9b3a12b4859d698f3989576a31f422539769d4758,1,1
956de4056faf6af5bd0d95ccbef7502ef84cfb915244a4e97218adb0fb6fa48b,1,1
e6a31f0c608ce13b66dd5c796500410c8a0e1f542aeff30863d2868be6d63189,1,1
bfb6ac28c5d87abf4777d3ee1ae278d8ca3c52ce72a64113cbabbc90c34a58f0,1,1
dadd801577353a8dbe1460eaf49d16db75810d3c93494cb09c7d4644e220c112,1,1
1e150415c85277751492431cb72a5e53a497a7ffc18dfe3b50dc4ecfa00f43a6,0,1
83403e0b716b35b001bf521ae8e0322725986cf97294f5d61d21859148df2c95,1,1
f58cc1e61424427b9db91ac28015aaceaee5a85bc0f51dd3abcd00ca9d3f605d,1,1
b8c44f558991813d8e0f8f76b2e17c89e073f817218ec8073a5a24a508e14963,0,1
04e199605a9a8954839426f88252deb0e105975856b50d9edfc528cc2667ba36,1,1
528c6cff935d10f9a2f1a2eea88d750b8e340852c9874760b67f13c674a965e6,1,1
0b5e2ea4a939a53dfe224dea95a2d39ce7ef49bba9dbd8136fd886a023a19914,1,1
025cc34ec83af7a5f45937f70c675902fa2d630c3c5043e7ecf9578967d35c22,1,1
1cc23681de3fef4c006461d4e2a28b8dc8d248d14c4aa314be6492d3d62bf708,1,1
930db4525b2f071ba362c902930926985eb1343e27c20f3e35bd6aeecfd46913,1,1
005c6f86e22a51ee3174a2c8b62ac798b5cee98b1e025073dec7b6f3ba1cc476,1,1
5eac9ef69d4e43ae8db7f4def1856e5981a8ad23b6bcca00483b203ebd183d45,1,1
96a115aae5dd7d28caecaf7dd116e1849c875207ab2c2fc7d0c5c2773c38aac0,1,1
e456c63977823be288a397aff29605c0ede89bdb5d35fd12317f970d3d334ebb,1,1
308fb2acdefc74095704b49c0799a1cfb67ca784150808bd798ee9a2bb83c2a6,0,1
99e2996ac9c034d6ab60e262450de855f6f1d28dd86e1b77008f81c7a16c733e,1,1
7dc9c1488a515dba33eb37b052857e249510a863bc56602ff415698dcb54a8a9,0,1
9c52d8980e40329ef737d1bac9bac350dfa6594fcd4b83e805770c8247ca68e7,1,1
0e52b1fe55e53d1d38efba6ebf001649b23480ece00d1a27c00cefb4bbfdfc97,1,1
7d01920d1d33371c1688abe22737c16c1887c233e91eaa2c0764a0fe374828cb,1,1
f4d0a482775186b1e826c0fc09cd0ff8c1075e1056fc41943c23ae1924dc1d55,1,1
1a61200a9124b68fb710f2277ef5472008e4cd0a73ba34e0d105824ee37af82d,1,1
8b2bd60f4740ec948c0cb1a89ca6cde7059613b15a47e0f723f56ce69341698e,1,1
c991c65ce1f458cb3cbd8e90975c895f8d570ea331ccaa48b3e6be2107c7c156,1,1
2f35055028ea9f2e1a14c18948b690b6da80731c2b3431c506f56dec37a26840,1,1
11928c15c58a0a2ffec627cddd26e1b00aa651a526bd22d66072358728a92247,1,1
7ce24c9e991468efcd9de66f9b9c3e85f1e3e5c84c75492dc71929c07fa6f5ce,0,1
9f8c8513c875ec24fc645173bbf26a14f6a9803baad5f82b9307165907eac463,1,1
b4f5af10811496a2f9f6a4ec778cfedee5b01333b3d049dd05b9ad12e9662ad7,1,1
d59c534c8cb9c192e3fb8e26aa4479255f7c7808edf547f90899e2ce6d3bc392,1,1
e1b13daff36cb5adbc75489095e398fb6a0f050deb338c80501381701ff90ab0,1,1
b6b8027903155b7338f31a1365e1324a1c804e5b61900d22ee6fbcdfc1c655b2,1,1
49db17770b06da1367ca26719f2c4c46b171b193ffa8a0a7460d5862fa0c811e,1,1
4f06dfe853acd518450b1bcc908989a208ec95d9bc933cc3bbd3d9b045f6f5e3,1,1
c636529e9c2f3888d38ac5000b3c5f704ea8b3018877914b0791a81ecae0d25c,0,1
6cf48e1d5db94cf5ae6ed55c047f9400a18e6ce86ac32198f3c464794fb0ee69,1,1
fe5d36d0d5a9199a7f26e357b8c14533481f70a657606dbe6705473b583f4a7e,1,1
1eec2892ae7946e2062247f4e8cd18b3fdc82d81456a27726aa1ddd2bc66d6e8,0,1
29677ccceb1f7502851dc990e1da0266c191648d3f20d9af03433f260ca56781,1,1
d399e4504c8114be5d394f431f45d9bd4a580feb59fbdb1d28b28baf2a786577,1,1
03302ae17e792d798c1f19cf80f5a9578ef5a89cb167ae34d9abd199f8d2ec1c,1,1
4bb80cec2a59b9ca9a804b63f3563cb5b99d718dd7e1da0db91a7deebdac85d4,0,1
bf7f55394d9760f399a0c50b95b0e585183e1f8939034d93c02e1cea6938d2be,1,1
818735405c510db8e38dd4aff2d3229cd49d79975a4e08fa05457c6290f7183c,1,1
1f16ecb34f5002fee2111c90ab96457391259b733c38bcb34b8f46423f59f3fd,1,1
a759aee81df0b47f64384befbda4f6677f38225ab9fa74610e5e0feb27cf4722,0,1
6e1eb62208d90f29cc5bdbb8efe98f4f6128ef1b1c3f7a588ed011af880ea609,1,1
cba40bc41bd95c947ad3f7ff29133170037b8e9cf7717266df8a177cc002cfff,1,1
5d64641cdd799987294a834fb1ccaea942afd0ed8e5b8bdec0151301b4c33530,1,1
549f9d48bf2d774452a1f199ce0fadd28e9717b06cf90ed3a64320516f55a9c5,1,1
91b7de12b4f5ff89a9b0adaa631fde6665b5c5980e0de5c23d3777e0fe3e6e72,1,1
33ef88f98dcf7b44490273767b924dc846e94865fa42872fc0d130bc604ae81d,1,1
1e27025e6f6787864dc5180c10188e46b1fa1c4422ae95ee0587223654e9c2cc,1,1
aaa53619283068d267ecd9249255bd4fd1aaae672ed701217515ee45d9e3ea64,1,1
dd59180683f2e62a3a80fdc9ef2d03fb54ba8f50c469fe64a6850736fd41402f,1,1
ca617268c26102ac63d2a24f94b832b73f16e7cbaac17404e206d65b9656a568,1,1
a70816b0e69eae7b51f32b33fe51d02ad7a826bb8578496cf467f0e743dfe983,1,1
443fae8b91049c2c5f4382fb893b3ff865aad95dda0594dd07313e4db450b90f,1,1
4c2a63be6990b00ad51b851676ae92e2917b8ecb4b42de99d9923db0f882476c,0,1
bac51e3f798e27a7b59d2e7ded4bfdf9878b13a0677b435f4176903479d75756,1,1
e281c2bf084d6f13b20aea032f5c8e1c9cc0b576bac3f092a8ebc2094bf6ffd9,1,1
cd66996f7c6dc904439ea84a14b4323f7e1530fe4b1c1942f1a44d0647205518,1,1
c1a9c5404fe9bc7d344d50407ad20c9509ca8064b1203161a76018a20903f6a8,1,1
98e7e61b3eae5eb24d2f21a0b69e52af92db68a7a30646ee5c5c759a7e7e033b,1,1
c564332a723c737dbf98df28b36670aa0e1a1fa7e4a806bfe62f0957fbb9b1ec,1,1
0952078b1c75fcbeced44edfe5df5c9aa8c426ddf385be30dccd3b56a5944452,1,1
3fb837dcabc1f95935dc847a6ebf50cb1f8067504a75381168c66af57d7cca7a,1,1
03acd54c1887122d1846f1a833e7d2d218f3a0ed0be7930457a57cb62e7302c1,1,1
f6f0a15c22140975f1c3d599b195bc019080785bbd67277062df1f592dbe527b,1,1
e0efa0dacf461fe38bddef5e6f8dc12c23f5687770281d84b77c9becb83fbf2f,1,1
fa5e21c6067960420020cd8b6c6b42142dafd6946cd746209fc7e3e1b996c0c2,1,1
388a9c13cddfd974aaafe754d71767bb24141e916e19f74757b9c23a36c9e94f,1,1
d676db6ade848f2360fef44f50cc062cb2c71632f7714e4a8634a785ab9468c8,1,1
c94c5981cc51cee939f2ff8628bc363ac18bafea2e054418e64b9c593cf74281,1,1
ece1f9f1828a95c1491cf0eefb6e56f9f0108f4bfdb15cd348e535074e6fda80,1,1
b2659db7d7a1d05696b0ba18d4c037c21e8d5972b6c0510e018a4440b1135754,1,1
dfd58b114347d4a3bb9c64a0d0c038768565cdf8495bdf01fe0b5097f8fe73a9,1,1
f62d65e1ad971d9b8f8a625853e8991907447873115c88e9fd75190c7a13d7a0,1,1
c6413d232f604041da6d5227c89a4b5ce27398b67c8d25a338e1bda714501a76,1,1
c7900c8ef3776baeb04045e3e64e25bda72486e95d0ec0377cd6cb8ef7a9e002,1,1
943e11ae3dad0b5b585fe2848d385b416f71e1a16f09fdb91d7d08ff6f0113b8,1,1
409a784001ed69bb40956a87149881c7f97a6e56d7424e49eefc6722856d092f,1,1
c8857338a664dd7d8f07a73e00592669db7e92df19ca54a188b2a9dde60d5167,0,1
251de88cca49836a8a55a80704530380b29deb889a49532ebbf63f12fcb2c9a4,1,1
804cf75422f9620441bc0bfb54adeba830d632bac561803ffc8d246bdd3324f1,1,1
31ca45a21c5f1d052d2b737a995dc842c3cae81bcd59a14495f1d3d37b0daf2c,1,1
5bf7387c9b765900ddd488acf057ac1184d585ad88d41e81464890cdaca6ef31,1,1
772fa9f6d62021f37a699a7ffd45e558795678f3e54a89566014f580cf59328b,1,1
e4c75a0b43adca234b666838db62390add7b5b90bcdb7c6bcaefb55f57de4aaa,1,1
f83a3192179bf35d8e7cf116433fed86f1933c1fff3fe0499b1e40f7b2548dd4,1,1
d7d52eba4b5899a6f779a6cb8174b0dc4886510f645049a35a1e191f06de7f51,1,1
f7a13f8ecb43517b409c389abc974787e19328239f376f0c14500990b9e64578,0,1
17994dc4ee11a85201b25123cb8b1fb64efc9fccb4c556891040481529f287b0,1,1
95ab18abf0cc6427a245ce23044b37d95c9de3910e5262c6c81d755004a2a686,1,1
a53784c06d86112be13fd9d370e395b0ce07e53685016c73ca719ca5cc4e8ec6,1,1
e25e43d0352912a8d2b0ebe9d9ce09fd5f9924e1d13282608904f3fdd6630836,1,1
552c430521a752583d5f0666cc343720830a0cfcdd5e8298b33f472487ea4011,1,1
22b11721248ef793ea72c6bc5f448135f6dbfc22f4696d3625ad1a2d57b27088,1,1
9e3f80a812a3cdd1751bbd673c703a0f9ab8a6e7fb6594daa3405caac35ac6eb,1,1
a242079c4fe0e57b2c7b4a46120f49090673badd8bf1076b41f9207389226e70,1,1
879d051ad4135074835d46fd86c9fc14bfaf9d20b1a93ea27c0d9422b82c57ca,0,1
3791689225581401e0f6009aff4380cea3512630297bcf91714c388ee3824027,1,1
aba86a23e433dc45e9597cf2e16b97dede26a1370d016ba1cfebdac47ca1508c,1,1
34eff79e0e62b0a6bca2f84f5ddd5f29a26e24b07090a199c6fe45c383e76ab4,1,1
ed33e67f9bca8e7a17f0198a4bf888a942cad46d1f71fd8bd3bd56ea28913161,1,1
93a078dd7215f4807d3a534b1231dc509956375b23c5732fc3a9b7372f3a1e63,1,1
a57e4249e707e327ffd71cf822092b4cb98c14bb622c553a897c06132e3fe1ff,1,1
77124f52b8c87653ae94a74157feed75c57801d4cb6d063f580fbd23bdb594c0,0,1
dd0e6f1808f480bd7b9a094a359a5f4ae2522d3dcf03bc4a495d033bd6116146,1,1
3399e21942d90da07508ecb50b0363d6447f314ca06eded86a47abec09001c1a,0,1
b36a350633909e444e9dd97d6e15e21670b558cbc2832ebd87e94e30a72e9e09,1,1
a12948fd9b66d10a42bfa1594eac57d42366fdd1582767c2dca8b16b6d08ae03,1,1
3ceedae6498b37f44cf4b3ffb2c68ea7a148509b4f0ac5c9812e2c83b670e869,1,1
bf14ab4a41db83885145878d837cde6dc36db7fc3cafef1036948ca156c12ac0,0,1
55fa9bdbbb0e5e120b7ecb3669ca1ed45350aba67295ac26877e8b94db6a6409,1,1
4602de5ed15416e4c2f4170776fe15f2f05ffbbfd283a1849949dc467e158fc4,1,1
7b58fd1c1f81262b5eefa1558c840b346cb938d3f00b285ccd206ca9b7311c45,1,1
d0ea2da689bab04b52b2f150645e8db4c9db212a17e3e95ecf870f7cbbe2ee43,1,1
637bd7482de219dd6fa23b3d7ae746c2e3bb37c5a2768f17de0cf1fe3b76dc16,1,1
eb5a3756fa41ab2bcac04322ff0c5120b6db4f7fe058609643d40f483a83715b,1,1
36194ec7925b9245863106df14e70e312cdba101adf7de028bbbbaa0b1131221,0,1
b23f42b4a7980a2fc8eb60094038443b712556d2deee577703ca7d6145415e06,1,1
63d31623643d705a6739547bac8cc41fdf9a9a34db987a96379af152c236209b,1,1
f712e70dfb0622d7259349b1a8ba1aef5aa6d18d040a0fe57cd38781e2d91a0e,1,1
1bed83a64c563660761c86551ff1cbd221ad91fcbdce4384f40939695baf9413,1,1
9cef4a42248b86cd0e31566d4f65fbd82da386cdee9e008144019c2186a92435,1,1
a1097e4480731fba5047eaa48f66835a7e366b72f48435e32b5e2109425b7a8c,1,1
5d94ccf3f3e8b4abfe0422052e665b1a0cf9bf1fc93fc29e38df00999d6a1932,0,1
8c78afc74807c8171bc5a92e185f15ce961771f3b45643b1f225a9b6fba88ac5,1,1
2413233068099b4604e13a9a4b59f54e2fb995022ab67659be07536738dc11ac,1,1
1e9b28e4aa677667d6b90720ccfb9a74e8d0c1cfbbed538c1e3ff2019e5b6906,1,1
86f97681ccad7489b9c09de13ad93bd7a47449083c6fe7ccba1696e507ce6ac7,0,1
5811ac2d59b154e4c858810529003141e5fc7d01cca0c515a5ade37b4f025f53,0,1
2f7a24e21f9a7e87ac3fd7047c5a1b3ea1d04a3a23fbb4ca74dbe627bd8875d8,1,1
791ae34dd169b372c0ad421a2676407625ff8e2d0311e61bb622a3e35a3d0655,1,1
5836683ab705450d2ca65c60865b5d00afcf725d91fd2fac2fd5ce7b9dbfef25,0,1
0cbc049f72a9a30f3e736b7bb719133d08d17f8d2a20e6a4d43788676dfe9427,0,1
e3a0029e0f337d2625605769ae69d6e37b461fb1d943c50c5992438f57c30c6b,1,1
e87dbcafc9e72e05a7cbed0112fc1e7f1c37a3a8bc932a808181b88f5f6fd628,1,1
30bc9a7624dcc7de30119cbf0c09811b64b55d77d2de1116b8e4d9e1fb87a592,1,1
9a59d388174f4ee1e15e09cdb5300ac24d515a67b5a255b84b236957381de531,1,1
668e3e4bf46198b4360caebbab9323cbb8c788e710bbca4422782d6de7848140,1,1
3d242f79949d190e3de5d2a2f7eaab494ff9809e1817d1e200490de3fbf84b45,1,1
f4eff6091649e5d1cac62a212091b25d8c489f03a90de1d30c393a4b1341f5a0,0,1
d39fd858b2202690c6f6e798c787d6e569d9621f052b30aece89ae434554136b,0,1
75761475911a0a47e6e5e0b1a3f608f29593d1b5013034ea0163c3ed3ff46de1,1,1
68f5c95a5d8b39e2da1964f64cda957724845abcf0502895a5c168adbee8ced7,1,1
850e26be2ff768f404301cc22379432541c68c29b77c6e4aaf53895044431b8a,1,1
83450a708bd2a23bb44a23c2c2e686b4bd998a3287b9443fda7fc8b39b7a4bad,1,1
70705b1d6861773b7f1677797c091e4775a04c4e346070d8f28c0f16fcb8434b,0,1
9cebe40ff86a733942f5ed6d44fbe2e5a4ee9893c8873f4619163f72a7fa3b71,1,1
e5488c526f1d5ab81e2d25b1e44bd47b3d0f66b6955b53f08c7f5dc813ac8ce5,1,1
76b201dc6172193b0b455ac6166153a9f0519d2ead1ac03029f840da05b6655a,1,1
f07f98e57c9b773fedeb3553a114e6e5c13f07cb0a2c5566454e66673d3d7b4c,0,1
64020f35a8082627a6439758ad5b0e7eabbc4967f9a79f1bfeb4496fe5cb51a8,1,1
11f07d68bc7d447e9fafb1c8600422e8ff2083a7edcc5a25b1328efb01e25440,1,1
132596f48ebaf5dcb3935ede534c22570dc47a31ab1bcd251acb290305d1147f,1,1
e92ecf3b5349bdcb81bdfc32f7a7fb19fe8cc2d4f71e17797eb3437175b21d2b,1,1
06a2cb045086327bc47a6b2a18a724befaa82d57e8135ccf319219025d261543,0,1
435fe9ff6534259e7b21147cc161e3a3bb8e40a8b59f71cba61ebfa7547fe30b,1,1
9dd543f9c5e96a1ede43576d04cc7205b46c18d60749aa989ba42a8aefcd2cbb,1,1
c54befc93dbada52f23e9be81544e8533642d4a5531bd7120aac6f938bfbd038,1,1
3f981232895f23f90090ce1362987a1a87aa28ba5a879de3f5e5e1bca6dd590b,1,1
f7f51621d3c656d46206ee3cb846f3b9101079140c0196eff76dc8ab3b807cc6,1,1
57b31ac3b82dcb426c505d611bbf3a7c59d039c47f79cafe29d89757ec1b16b5,0,1
31c8fd4a019a522d1c020a43a51a917cec884d753a155d83b9e6cc9f260afb4c,1,1
dfae1294ac31d5aa287da03d4c2ffedd9e089fc769e0524c0454c48ffa51702c,1,1
f55f69ce75651552d22fa5bfa0cae79fc9b0e97b9aede572ff6d5ef0a49a8573,1,1
25bf67d8934c2dcad515b2f04ef64087804c05ca87d3e1f7dd7c251ffabe4352,1,1
1cc4aa3438219cbf6177707ceab5bd784dd303e1fdbad10662ed26d35038105b,1,1
d77ce3bcc44e9f8e2a3253513a78b221ff1a17a5a7e01861034eac9a9c8d63e2,1,1
849e316576235f7cb5dc88479935580bbb6444a893ebd9ef79068115bd3348b3,0,1
ba453ea2435d81ee89d1df1e8753f41fca5e893a6ef0cb5a719cd1b3da56672d,1,1
c986dcf590af40c6540ace91829b1bbc49416bfe715acd80b3938685d1f8f54b,1,1
a7d46bbc382d3ddf11e3ac5234bea85706cbf01b8d1914361a4193143afde038,1,1
0f39baecd8cba444c808870c048f88b676395720ee514683c095ca1c19590183,1,1
da1e0915f2ac1a42318ebc194de55ae22c56d80d0c33437b9240ea4eb363840f,0,1
7abeae0810970e6cfe0610f2c76f760a55e271a9385678f01fed0ff96ea6c02b,1,1
a179edc8c4d1ecaca9e9150c1875b29cb3e30a7fb87afa21e9d0f4003ff8b458,1,1
c7533cdb9a47746a3c1bb563b2e7c086ee0465ee8c401baadbeac5b61238a785,0,1
fd0029000f7f677440a2162fa58aacb4839f2f943f4e92529e08fba0bed1f3f1,1,1
38cbce8a19b3567b57c94c82b8160c852a017a5b555392aaec6d9f168f36513e,1,1
cd84ea7db80d48e33e630d80ca10304f5857682b0902d9c3a892ec5ae00f595d,1,1
359bb1716355f66c55a45211ca964d03e72d9e47746a6e5e3aaf3acb9409964e,1,1
a26a28e77c1d350d331243b792e131e7d7429570d07381958016c10cecd6421c,0,1
1562a4f71f2ffb462fc7830733fc2758e40c695bb714967c865962c96e2daf5a,1,1
481d31784027926a7126c47a5c6606da85ae38fda9308598793d4c4aedb0436a,0,1
e17037f3e33bf8b6d0de8f73896b6b0f8e42d0154f2f61cd9cf359085c40e177,1,1
1627d22fbf990775049ac5101f66ce6e74101489f297f8ff734edf7017e581e8,1,1
6291d383be3210e7a89ef589044d4be05ea9905f60c5c45e005ca58a48014076,1,1
b35ce808f0076f435f199795b0c6625adb532993e2ab138f28e3236eb9db4558,1,1
4e500f87fe85798970e3a924551fd24f3b348242d19891d10579f3c09e15c663,1,1
da1c5edab8fc5e6b7433fc03f2c7348933e6b6331f570a738d15673d7e25f68c,1,1
a4b3d836a04a35563b76884713b5d824a419082c0e837fb72923146801d802e0,1,1
7a4716f918705dabc176898596deb88f131338f48c21572c59158deeb1dcaa48,0,1
e52ecbcad2c3ca8f67fcd3f27fda2f398ff36824f40f04c370906fb42f0c12c1,1,1
a05102878254a81292a2ef9ae4901db9b67e7dcc2fe9ddd1db4f1ace6510ccf3,1,1
a46e8a32edf3427ae9efd2e2ee7ae360d2f16c64bb0a961d308edf6ef00f895c,0,1
c60bbb641a1b3c57278f4266b233fd66bb17205a2afda687f28aa5ba1de4c0ad,1,1
d64096f9bc34e0716df8f00ffc2953ea01a6a7794ecd3926a8deeb8eae33d1f2,0,1
bbc5fb70a4364f6d25fbcf6f526a36aced1f8a84de1d5dca03e06eaaaee56fc8,1,1
8578af58986a8b7e4b72ddc29e1b5e692d45b8a45c0c7b424b0d755f5d3db3b9,1,1
74e5b7946f4907344c885b6c2098ff20f113af23dae3cb7b1bb577a15fb8d26f,1,1
f7edc40cdd339e86c397c5ca62a0f9d70fbd72e31957203dfcfb8799b0fa1301,1,1
b9f2bf83499557df1ae3ff580d2f061d5662fc312adf0ce62e97c5cc996c9a1b,1,1
33b92844357b2452d15166ec5bb0571869617b99034334c97e5270dd407f1ada,0,1
9493a6a341263d1e4a87f687ceda0b1ebb1ff43e25515d9dbd2da8e9a44d1ef0,1,1
7ea051042f06c1f064d00a2d28a08117a44c3d75e3fad5fd9a028cc685b87927,1,1
b5f9663e85a1cd661abeba5d82a7e0777d63e5469276bfbd950105ebcd9c9320,1,1
917ba29f318e91556dd3939d23691ab1c60d1a29d4cc818b35e17f24f9be962b,1,1
1fee52f474f5447ca3fea89d5d75bac2c7e77b4a7108de2b3b6bb513e0fd9305,1,1
8cef8e8adae25b1e7f057c96adb93bf5708a37de6cdc29d02db86d49be09515d,1,1
da848d28377d4d78745d16c75063a3b60c3b1773db805cf45821451a756ce81d,1,1
446998402ba4891b59ca80d92dfa79fe91eb526e79a5d5fd1b1e8ae9e592dedf,1,1
8166ad20186745916ffa3213c52743110103c7c8f0199221d07de0c6109f7ec3,1,1
d74a05a9525b110d081156b582bea976117dc5c10c6d60879ebd6eef644ee7aa,1,1
c9b5ee2c96d8b539b98648b8864df82354b067717755ccdd8d1e0ab43b511672,0,1
c7174442bd54df66a417a13a0e63e91b32e9ec10d4d4f662b291a99467805940,1,1
f9eadf069b96ce4be5622a809e696d321fe8418612dd794e6b196a0d9b043669,0,1
66a17b1723826444ef6f59e3aef9c049fc92d2859c331d68798c1d21992a0fa7,0,1
272e33b2f1b1e51c241eecbd316d6e13bdf0463a419c10c6e2ed505c8daa7b25,1,1
2e398808f16df16fa5a37ec3203dc5815048a96d7c2f5bf22d5343a0dff23f32,1,1
5040a2dc744d7ddd0c0f21537b51a09e6ed11763b90b19243aa5c98334eb1849,0,1
f50f0f32facb381a1718c1197eb5b9f61faccce8799a79b7488cd22922334d5c,1,1
3cc4bd4cd7c14a11a9c94b2c307b02dcfdc92e3d24d6d3286d98d29ffd24c296,1,1
df18ae85bbc0f8538c56d58d21195820dfaca86f0b187c08909f240aca82fcda,1,1
3505c0cd5e6a841a68cb853803600f31d3af8731b22d07f8b829162cfc11b768,1,1
98e5f762a21a896b6f45a20fc08a6572cf07df1fa0d91e7f1635d533cdc50e4e,0,1
df4927be8ca852264c98eea9d0abbd33b5bea7bff70d87bf85e1eb25550908e5,1,1
111266b2956d46fa326b1f8ff4bda6e57fb283bb28e7a39edd107366efdf81c2,1,1
fc279625719eb9b2790292e141a201fc869f2b3719a7c6dfab1f21c571b80fc0,1,1
f37ea0770e444d689b02266815f1b48da9470ba9b1fa8ed0455bc00b3bdede1e,1,1
c5d37c33d3c8659bc7854bcec29d43177f7d74c46e8e935b069a213e1f5ca100,1,1
022ce5baa77969894c0cbff2525f09c6efaa459c6f93db06b4a30b9465404385,1,1
fcf40ba671aea839502e6f00879b805fd18a53416a16aa32f109ab681023b4b9,0,1
24798bf2a52b693d6f272a0744f03921ca1190a5433d87b3837551c9cb691ccd,1,1
8bcc4002d00ef0ac96eb1a431057ea6ee24591ee10752263836548381ff0a3b6,1,1
7fd372d11fe13ff08dcb8b7b3ae3336631d2728d13b9f987ea42c3573cdce235,1,1
ff810e9d68b82cfd2091812bf95c28017ddff624606999a3fedc3409bce7a59a,1,1
ac10bf93e25cfb3b67e16b13a33d38cdff61f49b815974fa79e51729a3d939e8,1,1
4257a39c77cb80cc8e17f53f35697e109ce5489c9e5124c5763ad3e43f0c723e,0,1
af499ee6504f7710c88ca1a105ee7c93095a1e90ad8ba6fdfee5bb8a707e1156,0,1
62205d8c987fe2fbbf1b93cf622d4f8d134ff16a655b62ada3fcb681d6af256f,1,1
6deef0a0252186e7c80955a9c7e6e7213af821f4b8f0e78d858f7412b32700f4,1,1
2ecf21b5a3ff1dbcaf2e94f01e87d66ce2f6a4cb5f745b4dab0eb87044a24b16,1,1
a04182ef2d02d397a242b3fb151ef0dc6db269d4b4d80b14d959bcc830423e24,1,1
5227f2df8bfa4b1216a9332270555cbdd0f9e0b49c702ba33dc5be64de181690,0,1
05609f4d4c969b084e6a6879f741c2feda58d0f00f55cb14b4c5e9c445455a1c,1,1
85939f57b8d7d381a4fa49e7f11aba4d83f926a01547b4ad80cf0178745df587,1,1
000a8c09c6aadac1c08a6bf5173f6ecae46db663147648c37cce52df9587658b,0,1
d26c00929ec1c93d733064b66bb5a55c1100e1d23d81546c7ca0ac7896dbc204,0,1
7f3c32ee79abbc4a145628781e619bd88a3fb91487b29317f9fa62269dca5055,1,1
bab573331381ff85f93a82956255f954c87c384fd54def83bad14dc81e932f12,1,1
d51a0612efbf1040c6776caff254b3d2511beca2a84b7a36e83a1324c97feabd,1,1
c93c9a32ec6b1765fcd4085d2bab62ab14bf74539821dd1747ffb3e785f0d2f3,0,1
879eb6f005ce3f53a96d3d0b85804f0063247201e9132c43694201cbb7f8dcdf,0,1
b99825292280332f553960561f5b6f533920a7b6cd94a4d4529ce521d439ea1b,1,1
3c6bfc223077eee493538bf24aa9a107b8ffed14e4006a64f62ef7fb190cdb46,1,1
6de695447dbe6abbd85f5eb17abaa066ca6d2b6732d671e024e932508c4a0490,1,1
5697629b340de0985ad4051c2265f79ce50d2a0c47aed5710ae9b322d764ec61,1,1
a06603cd9461b2580afdfa8701b67c9fb399ca6b7ee12d7df0914d3703174d93,1,1
5bf033f08256916812be123ea11d36585b9fecd9e19ecd50589e145c47e431a5,0,1
39081713e6d25fccf85f5043b5e2102afc6da34cc61b0968a12d81b77f23f483,1,1
050a5578d5c6aea2676cdf1216f151238af84b0ec909e517bd13a29f246a6937,0,1
9d380fd50a0de1c86a0fb88a6b1a1c18f49af30f79b23f8fd7256ed117f730c5,0,1
34e183d2e004d9af3636bca35fa36b881fffbf8afbaa7280701fcbd6952e47b8,1,1
af30b0013bcac1862318e7362d319c05bfd3e307543876974d13aa7efd35408a,1,1
97b45f5556b4ced9089b613bdbb4824781bdb67ce74334c7bf4699018c2d684a,1,1
be4c7497ad40190e9103afd046b63a075f10be214c61feba6c32c608c7a328a4,1,1
d510d87308237a5f52e876eba7cdacb73780e1afc72eacfa41fe045c53179008,1,1
e3838d68a72a1cadab54b5a8a91eb570c0a6e3a948db3fdad61e5af51526bc1e,0,1
fba8e38104fe69d34de9d2a9fbc4da8a48f6fdd8802d60ad1e9ab05d2d9f4107,1,1
1d779d8d5ccd39505581cadfeabfb75008db3c9f62faf311fec824ba612fbbbb,1,1
7ed0fe1dae865db4cc1db8533c9f6cc74f55cfc1a55a773455fc2b0bb281c7eb,1,1
a7c70f85a4c87dc8d891527ae821875571258e09d588829d63463529865dcf5d,1,1
ad4510a5db14909e07ec04562001f0b9049c18f2caea9bdf94858e2d8073e6d3,1,1
965c59391c0ec583db919d3b86d1149e4ab913bd3545506f936645504a17f0f8,1,1
b5a4304b6a323ca41993365e7a5294d97bef5cf5398dfa0fbc27858abcf0cfba,1,1
234cc3204c840e9eaedc08b6376fdc8400f32b0e8b8f63cf38b8d468bcb33e50,1,1
106c191c3a313adcd531d19488d8d0298cc1a43ff7a213862c660de0feb777ba,1,1
8fe44d8bc0ac5781a5993a0e6abea1b4b211c617908e13bf981a99c8e4b6b544,1,1
f256608589df962c0c92fa0fd437990dd29a46c66e2b7fb700a7d6b51e774277,1,1
e433e265f77780e136e54060611fb07d3e629360064d63c7758b73eae57cc9cc,1,1
e643864321221e9c86758cb115a2dadb890e3b090d89ef5ce7d6cbac3ead4108,1,1
3ab858cbbd9162eafedeea652d601ea687609cb5e68ec4ebcb6aee22a8a4d005,1,1
c5b7947fcdb203fa7eb21f5f64dd41bd5e3f00fc1749afe0d3ab142a31eb4ebe,1,1
4657582d9fc2c6ec621307ef0788c0bb46ac41b0d59d392df6ccc0c0db55b360,1,1
13da81e18f9e8841a0aed76a261f082bb4edf703b5b1b46882137727171c7491,1,1
bd231662d69dadd1911b789c4d29a956cd1ae9cfdfc3cbd0dedd3732bf84a09b,1,1
f70808d96890ee1cc9ffe22fe15cecdebb1363859bf4de8a996b058e6bf4dc1f,1,1
541d7b2317ab5d8518eabcca833ac116e1ad2aeea6e984f5f9bc83ed57980df2,1,1
fc2866c30567e0deb3d315239288b96cd2d1dbfb01f31f8adcd39995123bcdd8,1,1
b60e433b41671b0cf52eed9005c9974675a98f911e4856019afe38db3e60b260,0,1
d038d61cb9174ee550e253e6a3b98106f86b14cd61fc552220a00c3c53618bc4,1,1
647d9991f9113b94ec4ff98e5938437433818833f2534b544235660f7c6dd8c8,0,1
0803729ada2f963e8b14ed7dddc4402f68e7f69ff974585a9d146538565fe5df,0,1
09360f0627ee965574640f6f4cb3f2e41ca4dccbc444704740f96ab431f2458e,1,1
3bdcc74a92cc7e2d56e5d697734a7a1a15ed6bff5bdf2e36e02604699ca71eb0,1,1
820181ca0aa7cc314d8b3ea3c657dec374a69b0e7e0ee9860612a8bcaa881f9b,0,1
acfde90d1d06790d9a8a4eb436be4bc0a1441daf74604eb227f274aa440501ed,1,1
c4a29c7d2259d018d2d5c525debd50cc684dff2c867e43557d4528c4169e9547,1,1
fc42ba573a1ba4a33954096ef040040300bb6aace9b58c514c0bb4bbe4488ade,1,1
09ac2f038e6ee79a9d4d7fe23762254cbc077f81fc6a85451a74660a1af35357,0,1
53108919ac30b5c807886832842c256e1167c78ea9bf32d3768014fe08682ae6,1,1
7ae8802ab28e5f30928efb3a3b48b818b4c75b63065738c66456e38655b4186f,0,1
acf284064a8a1be196d378d6f352b3942cc82b167c5c533663de5f87a3999846,1,1
952208be131b71b0a9620f155cd38a7cf0e926b24af060b9ad1724772aa3d35b,1,1
890c732e16b17ced58a5a4f5675c655a1a418bf696d62aab6d39cf235a001f05,1,1
960a221c332c900201fe03ed2026890dccfe12e9c97ed55ebebdca0fe95e34d6,0,1
b5e8fab609cc3f76f23a1c083a91dfc67a2d7e335b1ab81abc100fb11d244879,1,1
075309a20c5d3502f8c2ad5885beb7b7333451c6cb332113ccb9de761fd48fb1,1,1
88cad94eaf3f8c41a0bc9f99d2eee73922245cf0a2cfe9cb197a408f0bef0734,0,1
e914dc939a43c7c8cc244598d060a5c61fb3a1d0cd65fd1ac4dfa71ace479c76,1,1
2debbea915658d39e66ea9d4860bb0cb26c0daf327efd953236b6f9528f87b17,0,1
e9f969989d91358801a089ee0d5e7ec796394750be97a7e8e126676b0813901e,0,1
f7d94b0cbc5d39946856616eee0dc75afb2f56b7e4ddb11079d01e3c4d47b1dd,1,1
e2707680b27a45b36ff958e913f6f401afa1ef6a40980e6e6d29bb242da3ea77,1,1
5e33f9dea186aba4da5ec74f2d857603363c1b2698d4908927ca6c163ce70663,1,1
26fdf0eba32c2841c7718da113b4e8921d9797e85458c47e901dc4fd56b597e4,0,1
9072146e38d07b04064f87d4a3f38f0f9ccf70137f5fada84a23cc8b355cef9c,1,1
1a4bf5b9e9bc2d0b39890f7aa6c62ecacd9a2639a4bd462ecec0079cac8a0a18,0,1
207526d163a66dca1868511bc7e732809b82fe95703cbaa36579921b5f438e9c,1,1
c1501cd4538620ec35df571049b111b8840d8f63f552c9e4edf7c38310cc394f,1,1
ec8f9c703182fc813fcefec5f7fc5ac7889cf8a5962fb8fcbca3b1e24dd50e89,0,1
ea830c680a99669a8943b158bf84861d672ee435a0d2c908a7f5b0cddbc79948,1,1
8616bbd8db1aaae7b0bf5fbb611a73f4d129b1136cfba5ed35caee7362a6ff51,1,1
115792d3675ffbd2ffa59faa9b54ac135f6d594c24c698fdd98cd687a7d95bcb,1,1
11677192e67258c42d390470300ed0781d1442a59647d9645f91aad91e7fd1cf,1,1
cc326e56f057e2e474aa384cec0c0c1766861737f092b960366951ce8f7a80ea,1,1
c96d05e729131ffbaf739d7301674d51db689036fee44aef60955882be91d613,0,1
f5e62b393588c9aa2f72fc9ddfc1b65133c9b08cf965318603e033b55e48f49b,1,1
8b19afc39254d2ed87cabe8e56f67bebbab74dd27a34dfc0263e3d6ff4094ae7,1,1
b4a0c977a50f9fa4a6c0f2b6721d1f7412b7839c81432dec7cabf02bb67339c0,1,1
4f806a9fb55a7f623d75c5552661e0a720709c388f9b97e88d233e0b250b0e53,1,1
123c39ba0189e8d794fdb9332f9cf6a6070ba4fc5b40e9748907c832cb3982ff,0,1
c1290719fddc510849a1c1d857f083add039f7fc890ae929423762a00effb9e6,1,1
6baf290b07cd899f79934c554909d325f4f0a09f1d53afbdc24c7451eb626106,1,1
951ff4a771a00cd80dc833a0a920ccc1b313cbf62a7eb4f2776f471df5369963,1,1
cfadbb5f4f79f60e80948972f398155d1b754e5b1625d8bea07f664e397506ca,1,1
0df35660ec69f2ea764d8cbb117c7ebc787db398d773b39c6fd4b79e3601a4bd,1,1
82ee7cf28e1ae8f1637635c4f962b451129282e287cef4b43ed6b5bbbef3819d,0,1
2b81f34e59d4ce557cf90791fd5b4335a57088a6e57d7f689713b57f05c57edd,1,1
180134f7d19a82677a6b388ba2d83a5cc35dc2f52b3326b520a1bac22e7d957c,1,1
b17307f2907c78e8e2baa88152169287c8b3abe9587014d71d2ebe3c9fd24870,0,1
fbcf0dbf54eaf9c32ddba2146250feee8a9a95f40f0d32b0026f27ea760b0f65,1,1
d3f0bb589db9c916fb1555c3060f3af9c680ec22f33f39cf73b361e718cfed45,1,1
ca4bc1c20dd40d91644bb900a55efa209d9538b2359ed7060af4cf75e6ad74b4,0,1
c1f3ea4f93cf76cb42df46c84753b81aa5ccfae4d5c3673f164b236cb6d3056a,1,1
65b3c3c213974c635e4d4c34ecdd23bbb9d48906a0a1d9dd9b787037135542fb,0,1
3d418c669a7bce3f7518ee1903f77667c031ac656929769e667015dfae6a9be2,1,1
9376e72008ee28e8fdfc58db5d7aebecba8e9c9736525e42d6453df37d9f9c47,1,1
3d55a37c27db41ef679979661d13051447fc4f4dca207c5a90d05b0af9746777,1,1
9139ea8e367d1b96cc418c1848adb7b9257e6a727ab883be985133387dea884e,1,1
0633d601083765833c504694a3fefd94bf053bbab78232bb2f2144ffb3b787b8,0,1
be72e275c0310e9b97d6a88ab23d6ca148673179d1d17f74c269500c910b5a23,1,1
f3fe5e54d0393b84d9c67f5fdff1b9f062452df3c4d2b1a43379b70674df3b32,1,1
97fcbe678bd58e38f790074f0765f04812b8096d113ac4813f8b10536f76c859,0,1
18869f5c11d99a8a3bbf83917e43ad87655c9e20ed14aa137c923a521c462496,1,1
fd57fe965cd8bd2be8cd45255b385bf3fe6343f3314226a37e18db232db14957,1,1
0a2871da169b1b768fd1e6376c272651050d41d5be27d1c75afed46805898a97,1,1
bd7541649647ff189173e8c37e71afeae3f5b7761c462000b5dcfafce64a5d71,1,1
1b929c73848704dd021754db77f98a0b66c8b1dc4490dd3ab42023cb2631c12a,1,1
b1ced15eaa9942489b972008069aa7309e61a98b9d78038039ba3b83b45935ae,1,1
1932d2f6ff781a32d1085b3cb9fd0a3b1a06c9b43a39c2a1e9f53d3cb22ec36f,1,1
b8a2c071f271be3961e3eaafb1a1bc2431076aa579fc7786180b3816aa5da38e,1,1
772397077521f8ab9086e88cfff6fe57929166cc3857f50965956910f328ba24,1,1
dbf110dc9dc7ef53e8e2d25dd328d5a5c465393631370b33136bb977c2c5ff2d,1,1
80e67742825fb122a84f06e4527e6fb1f94d4f51b83d98e24e94bcda10199f44,1,1
55dc20a04fe734a31cf502cf832729d841af682a1cf1dd12a8abb052b6c2b292,0,1
1b540ad5611d3bd439cb6e513bfe01397a3d5d0d6ceb620525f7a8a54f5a2cde,1,1
a3b2fb4bd05317d277a524fdf43a6e6513b89408d00e3f910711d1f7d07742c4,0,1
06a09e1df3e6fb2e12837ca479fd1d963115cd1b0979a114e2a48c89713293ad,1,1
255d581b60263d084caadaf330399c2a2fe18f67b720be0503ae57ad68c3d186,1,1
821e1608d22703708a645a8958d6bd51b351e78a9eabaa5479cfe9ab23d8fc0a,1,1
7488dc0dd29bd2f5036bbbf09047af880e1374eb87302c636bd9f3cb67f63098,1,1
0057ea4440b3a51b3d6bff069593a4c0e5c1541b3d628f32962e46cd67308118,0,1
0a9cb0f6d0956fbae0ebf09d10bae5bcbc5720dcd72448d246c7436fc922ce8f,0,1
3258c98904c8ecc294a230256ce8a00adb413a14c9240fe87e3ed6244ad7addf,0,1
f8f6e9fd994364ed942fcb6843ab6a4e9479d165816bbfb50692c3cb7207a2cd,1,1
066ee170d8a4fadab84dbdb7a517550015c303923b0a530ad888143154c1f651,1,1
62fa47d15f44977fe95879f1e57d082cb21d782f288d0ff22f29d9295b4afb80,0,1
e5f839551fe38477d015bb2b3704036a6f20de0066228856d66cd7227b7c8b09,1,1
915bd8f4331f117e14c808f0773b8511dd2a2d92c9c523d7886cbd526a55ce35,0,1
5f563de34e70560b1582ebfb7a4d46fedcdee2b91d2777edbf6af6976de185e4,0,1
02bd83231ac870c37b7e6727981825b1a513a8c94c7fa2b7046a2d602997d9c1,0,1
d58a1f1e544bd4ec04d419c563303c25af88273604bb0c7166070740cabee3d1,1,1
588a99f184cd35fd9df3af4b615c39d9ba0b545061aadb6dfe29abb64dee5f4b,0,1
f6e477367e438760e860312657780f7c4dd46143fc16f44d3937052328902ba4,1,1
93e443ef81850106f3a84987c773b864b4bf52d3983f5ee5a92c775eeb80e4a6,1,1
57ac6a084dad92e60dab9f13c965620d7ae0cea897a1aff15a98e5f0071724b3,0,1
1f23d8ad5123455a231de3a994b590ff64625b9d3430fbe1eb28c3013f51cfa3,1,1
5f2b1a324dae85e17ec6593d5a5ce9fdfa990de1e1824ba0e37da1129e227658,1,1
c3fd44679e974652852fd10472e6147e8d84011c7bd61b8babe6159c0335d6a9,0,1
783b73aa8d98e630171d61a3586a8ebcc742d81ab8d546d4c1fedf712711577b,0,1
fff9f8b036b7501d86391f07ab5126523926b4dc235b004c51b70c5adf5fea24,1,1
caad04cd3963ea116e2f13c3fd27f728126b1a1e62cf40f62ade0ac5ab9fb0ae,1,1
9674786f1e7e8111fe8073672c5ee5f6ca5e64938f07c5a7dc41548c16434aba,1,1
3ba8e9a83747caeecdd5b4c81b06f5a9941aaeb1da730c02a7a876c1c38129b3,0,1
926352a18d176e444789bf2fdf00b09aa3ab541b7797c43a2a7dddffd9728f1d,1,1
86a11c865d6710df87cb75fda055ed0b2affbee7f6499d02f7d2d7667386ac7e,1,1
733dd5bfcbf937b0c68933afcd21347f3f15167b07d11e7d4cbb0f6467115ee9,1,1
7489c0857119ce190ba3f4b9c38c72216af342e82a04b966f8a7a5809ed11d53,1,1
b48dfc5942d7601c8c18a9869e66d780294c75973a6ea3c4bfc3cc31a60cdbec,1,1
2e1b56101fc41420d4ad806fd20a82c406e311eedfd29a6a7b19291e73570b4c,1,1
2a84b7b519c59042df565ce6fd5d9408b76b04e09379dce543135270fbe413d5,1,1
5897a28aed94423ee03e27589ce0187ab4f3eca39e3aa095989759c5ef8b8ade,1,1
04003a5b36cff10e24e378770e90e604dcdccfcd8a2eb8f251d9fdaf20ec997c,1,1
b79d02c21f7babe3d9be04b7f2937e35883dc43d98c868f1ed185ad9f9631aae,1,1
b0c8e7a6f625df45fd55b72bc5d667e6c1bc9c9becf659c187ea18efebdd6dbb,1,1
3def52da2bfa0c1c2e13449ae35ba85b14ec7178a22403776dea0290eb03c227,1,1
dca9549134d1d2066f2d0b3309e0974408bf38bd1fefb617b5b7b381c010612b,1,1
ce1f6be728b18e47852570b8d9bfe8135442f42eff4e87620a55fad07b83ca6a,1,1
18a586ffc183c43a9d48967d4be284bf36ae31c4e4dad8f9b223946a3c298055,0,1
f2b74f80b54685822b12ec169f9f05ef9ad9502119318802e84a3edf4c77c63f,1,1
75b068032febe99a3a1224279faa60394339213b4e77d99a1e5b2ad36d36ba1d,1,1
4212fe110a2d8316f1a61e790d4247a52dce4bde0a69242750a30e149151dbf3,0,1
341c54a03bbdcfb9bafc073d075a73d01b5b7a9f8ecc696e06f46f7176d8638a,1,1
9d4e4229fdaea027bb5662fd3db29ea846040673963343565cb70bbfcba7eff8,1,1
8d7dd23b438d57ce6f487ca3ae12ed905f3eea137cbc49f889d8278238ef3931,1,1
bc0638c3d58ff3377432bf8fdb3f8286cfa3fe605ebe1e57095c9288e8ff3230,1,1
784083e9e139edf2e59c6645012d4da3c8176cdc6af72e39edc66274e17c2de5,1,1
8e1cf3afe37b1d5bcaeb2f2bb76651d473dce920073061363696fab226a6b942,1,1
f8e3480ed1f0626ea6e63127e1361f7e6658263b12feaf23b7b017a60106b0ba,1,1
3ccb63cca9b7281cf6ab42b27a7e8e26a04b559674555e66490c5ad34c38beed,0,1
a074dd87fa366dc8c8591f8752bc906c7c4196fa43fe8894ee60b5a3069ad1d5,1,1
748160b98f4bc6974302ed538405595ba3341170a42e5c79e0b79a8de0406342,1,1
6110ee8a0ee47a2ff11e59af9ae3bb7411a7342112f8e521958691d480c7379c,1,1
8e102fc1d700ca1b8ae1efa4a330f88a857ccc2d23a7ffe79636e1041b3d60ac,0,1
ab50f243c7a7de57d498dd2d476a4f828a6d63519fee0c68d1468e56e3d9d1a7,1,1
6576a6fbe69e6954b13987f20d53acc256a158916f445d043513c4d498547ddc,1,1
22763ac261297b7a3cb83728f03d13f97abaf55765268dbf27cd682ca9d186f3,1,1
48e3816e8f9dcb9bfbad8c9c0383a2cf5ce7a9f068167f7ed455cafd4d74bc85,1,1
d5b8b0352b84378e5855a5bd6840920d16e73934d2f7b01861cc70f697e886c6,1,1
c749d08d136180e940a54191b7a89f076464504bed8444a9b9c8c56d634dcd44,1,1
263646e043f0fb9bf1d1c00fc25b8258ed0b3379ecea56b495ddd2874bc727b4,1,1
28280266fff58924c24017f0adf0862788ef3f5b32f8aa02598692e7b53acfeb,0,1
beab90e1efba2639ae74ad34c21b7cd39befd2e391c043b55eb0e84df8685329,0,1
5209dd882b785e27ed3461aad6d228d94d5618c5342a21ec161047b5c64494c1,1,1
d493a209e4c64fee876eef77ef9e2e049872eeb2fe2ee68ca65c0ed54e5484ee,1,1
c1c6589a34d4fe5cb826c3698dfc67916b894a6323cc6af454ffb461a7342424,1,1
54f3d4a2415b81e6cd4f5c1e0ce2f6e167f47be81546b420cb9396f21fc1af2d,1,1
80613bf933bc57e4d7c23bd0c119bc0f3f94baab61d7625fc7a55577de197593,1,1
8679439f1334d5d92a06774c3d34441488b6f8e8be6c76409a46738d64c7438d,0,1
70616e6e838c65b0c70aec4b423092fffaadf058b4cef1f3c9bc25bddbe83054,0,1
4303943f3871119e267ecb6d4b1a1ca82b3024f15f2ea4a0033a598557698120,1,1
d85bd80eab2b7e41299f0f9ecf57ed05aff7fae4fe37f165d1cc12259e76f7f1,1,1
59ededa76ffc79850cd31f4d7fd8c2a8699e0aa3c1c094aba531af16d410c957,1,1
dad4aecd9f1b413c3dd08928515abb17acc55b2a86eee00bc4486b906dcaf4ef,1,1
7d912ff83d26f3f222b29cdf1ac7b27ad54560e01f3746ec25266861f413e1e5,0,1
d9a71e3ef6f48311cda82db3561dd7488845eb2da4d6bc8241325dcd39eece58,0,1
0e7f6a2d8927a7f3f9fdb47705d7fbe88e07d9b777091d9a8387c00cc018df59,1,1
f6ce56ddc06b169277a64321f269bdfddfa68669e5425deed8ba73c1e5366c20,1,1
b66d3a98884cdcb6f7e5ed2fb03d595d17ed77d0094b311e64049637dd6c4fb6,1,1
1376f8d355f6c7d7773b21aa2f1f88964b5b186e7d52b937df1c2a33938908ad,1,1
fe5e7f1ee7d1eaa692666656dcff112411ddbb8434285bbd2fedbc11496584d5,1,1
c36853a24f41503eabfa7c305c5a29f80a8097340d0868c85d7d95735733a3a2,1,1
6ab8eefb1b4c065fa26db6fddaddb96b6b4ca1683bd1de0df7bc46006ed375c1,1,1
74df5eef69115b0924c63dedf0b0f23046645d69c1090923d7dead21ca7c1dce,1,1
ce7b04861614ba8e30c9deaa34f0f836ffbc01d0e71af9804e450c584ecaf9de,0,1
9a2d882623342aa043e46e7cd7bde1a89e71e3f4daafa9332b40afd9e9feadb4,1,1
6dc5cebe74dd22d5802f46a958b6387d8ee192783d22e41481a7580d7c3da0f4,1,1
e417be58e07a9f3f6612dc8d14dc78e845b9e0769d8c6577e1f0880ba63b1220,1,1
384404ef6ef44e8eb718abd19fd48c8a2215abc1ee9b70e1db0d9d7cf37829f1,0,1
868ed3a9baadcfb467339c0702d4fcbbe8334429f2e1fbc2be9b989ee425063e,0,1
0c0911dc7bb2e640791def12d5ce98fd88c9aaf43e5c47d97c2f4b9d712b5d47,0,1
f225634f1b96424a18f7ae8a6199fc5b3ccfc5e1998be69b5a1a1356b14493ec,1,1
b8d22c62e8962f9df5f764b2efd424bb9eacbded5e0100b5e0b77c5d180a78d7,1,1
8c25099db3716e15f068b5a4509c7d4a00748817b1e50cf23611177d513fec01,1,1
8d95fbc56488dbc9943c2f7f2215600fbfa17d007433c2606598653959a6bc9a,1,1
432842b7909ba0c1b143746df90aeab4725c288d819d95e68f0825910accf7c5,1,1
466aaee8b423c6dd21ddf94dc0e90ece6bebc63b75c1a3231e50ce62e9c6a06b,1,1
2288af4b54d3f50e018aba001bcc2d5c9b219044067eb54850c4c6e0655c2a21,1,1
d69bcfc2ff52e1415502cb3deb513a92b94be0e4373d8e644db1d559a638863a,1,1
f59267e97b0f7f6b77f94850c252f65f708c89bbcee2a6c286d06cb8daa3f140,1,1
e855cfe03b263e6d29b87f9564763dd4eea9173b15a85ee13f1df441d7b63207,0,1
447bc745088159f99cc3c775c07ac054a894ed8105ad85839832f34a3714c598,1,1
e034400f7aa4f98f76f0df0905cf6aaf02761a7bd0e985be5d07c8488c9bdf66,1,1
29c54ea3da2ba6e610ffe0fda7bcc58f2803d6511188bc3f598fb29d01795cca,1,1
74471e650a4e01e08b8da53c2d22ca27370be3ada8867f1215e7aaa20568b0bd,1,1
aad6e59a57fbb7d69c9b914ce82e886dd312c9d9ac7d22c358708b468aafc6eb,1,1
91411bf75591d31da5ea0a2ed5b98b667cbb51f500db3fee32c17559afaab36f,1,1
8e5a6485548d8b2a0e418df442350204a6167664de25b8435cdecfa81b5743ef,1,1
6b90ae5c3319dff452284056d51ec226fcbb2be46914a4806f4edf529385d6f9,0,1
2cdec3cd31360c242ad20497537547eadd8b1c69188f0405cd1a4cffff082a6c,0,1
0c83c17354c4a71722557fc9d3433566353b047ac50efe10ca4f68afaeb9ce39,1,1
42210f4c3584f088af96a64a7a812466e338403e9502b3785365c0142666b91e,0,1
ad67b0eedfd65466c0ce3d819a0af5c38569206c3ceb7163814f00aa66903600,0,1
8991c613be91ba5a8da1341233b18818ddf32158effc01e62177d881a97c0299,1,1
73e7c5887d34980a4b1259a3e82733a4c21d1b87e0f3193e28fbd06818a280c9,1,1
8a347c59f226fe0b3ffb46abe028f932964db6cc49dce6db35e142b50904fce8,0,1
eb2167b01688f3fc8d7ae787a8a3aaf26db2be4ad344f69d5186415d9eead67b,1,1
eebc1abb0fb12e616c673223268140897566d90a940c2ec1c2024a9d0b52d474,0,1
28418671bb51b9d953f30dc0e496a79f48a33af9e6f01c864fab254fdbe166c5,0,1
bb39a0c31f33c9cc7bcf3dabacdbbc1447ad23b9fa3efe032ba1c1be0fa96daf,0,1
aae8be92ff64ed37777bbc63ece18da9a3399a73d443d2150cd3cc4a34e0e5bf,1,1
49713cf99a1a139c0d084829f47c4ae305fd3a1800244ef60c38761d4e0d899a,1,1
4b70d48e34fa975b5ed74d8e9697f2cf8d3ee17ecc9b9f3be331c22b4734fb88,1,1
e18a856d2c2f0cf7fc3619303128a3b7a4c24ad3819078fbae675fe8ad3c7ad3,0,1
42ce89483b2bd246152d13bd29d1b7dc9139ac1e02aaf2f01eccef083b7a0f39,1,1
dee5bca3a27f47c4c2523ecd4cbd1881917f0430f2377f5d671e04ea5182859b,1,1
9107f44a2030f2509f40d8c1cb7d7148948ff3a98316098e43318bd1c15f41c9,1,1
dfec565cf3b047f06e0a1b7ce2f0bd058a6b27db86b437731bcd0c39ad69a3b0,1,1
c14825c621cb3472d1ac4c0274148f5fe4630547368b720880df27a642933b5b,1,1
0621170ff069d1eaa21739c7cfe2067c745ed11b99a26310a82aa8fec716c0d3,1,1
8c4cc75ca20d4c2119207b87c39edee33888c52cbb73b19bc21aa9fc6b9701f3,1,1
91194b82b6027bc3eadbe57f0e556c796fef471ecf5b681ae88c346417cf8f96,1,1
cfe36b87f4c4f9556b2f54f0d8464c488fc184f8bb53bfa7cf4d1d334e65cffd,1,1
32537374b0c974e61c73bbaa9ec6cc522a85a0f4dba86d2163b4f62808e5c7fd,1,1
2575c7df01bcc21f8d6dc7eaef1b642db7eaaeef27e29a3467346f3ac4671241,1,1
5ce3e275c19f578d84c85f7a81e09573e4b4a112e3b2ae8f32fc8f7cba609baa,1,1
ab8d9094e9b089eb01f67c6c6e87564e1b62626e5af230f0325bf54f9a6e30b3,1,1
1ef7c2cb9de3e62cdb71028dbaad419582b4be4d9faae6509a4219ea66640de9,1,1
3aa66e391349116f333951fc6357863a72d0d233d0be9f9901f36db4f83145e4,1,1
56fdf74a71a3f565056659b64d1fa5a0ba4181e4dc7772d037b9205255b1a249,0,1
13732364f7a9d6ade461c6d944c7581f313a844b479f4999848791e7e53c298f,1,1
6380a2b3a07ce6bd040d866a051fe055849541e7327d3fdaff13a4f9fd7a5276,1,1
6c5aa58e3e53c1dbb1552c549a70dd879c3ecea6f9b2c7b735c98babaea99e5f,1,1
d32a57e8c1cd4600458e31fd5324d5da7fc8a113efa07a57a84556b5682df79f,1,1
99e12502054f70869c78fc32fa05c3de036ce5665d05fa55f93859e7b8ea55a0,0,1
9e96d2c77305badc7a75c6a4a2b1340d1825d16669117d8043470843e35a538d,1,1
1fa95665aae59cd31c31d95ee629fbcafb8031941852582a5b4346e839a7a99f,0,1
a1845e40aca709892868198f24878dd96e65b96db97dd6a9dd9124532fe4c947,1,1
0785675267607efe261f819dc9b30bdc6dc6c7139e1404d34fa02f77a8d240e2,1,1
238ac4400d9ddb43697d57c18272c0cb6751a3f471a002341684462528903e74,1,1
e74aac629b9b43de6cd5b0191d6f299494c6957391d6309362aa55a890b0d6f0,1,1
1161baf1670bfcfc7ecf43423e28f09f3d9372db3f503a5de0938cc00c507b1a,0,1
d3bb695e3b87fbcc90e5866c2ba983ed5aa4b5aaa3315d3837d9dbc9558b1920,1,1
852c1ea43e0889da8ea1c67b0e1d9a7dfd7a87e781d7230ebea165b388cd68f2,1,1
90f8d0fb76f8cbaecadf640459e232b8f34e03dd5ef3123a597c552979f701ae,1,1
f94e51cd90cce53a2cb4de1ad426db4a8eae94f1d11735d0c39b6f75f21761db,1,1
0a6c08a3fff9025432f77a0606a51801a5749bbd724161ec20ea51ea0f7c0a5e,1,1
5d264a33d1c9053fb8ff42104abe80b06eabe8167cb0a9ba65b66b4192d6abc8,1,1
a85bbad363abb0ff62d6156816293772dff373141de000b0c20b4af18c2b5d88,1,1
d65d214aae45e9590a181ff695a037521f735e0c684b332d081f4501b1fddc26,1,1
5aaa21fe9b3a55a3c24274eaecc01ebcfc78f0e96a84c8322c1ed0ec460739d7,1,1
74269f7ef8e78752e4a253586f353a849b1184bb7d05f4a49d2c6c89ac629ab5,1,1
df9ba7302a1a936492c4571fa714558ee9dc1eee5da868f1c86376a5d0b60203,1,1
60db978c2109cff13c4040d3a838e4de0731d98781aca5493b7fa430be93dec8,1,1
25eb9f349b3e5849babe324280bc3b601a6e8d8fb648559572d0fc38754b20b9,1,1
872c0b696885bfa99648fd3d3ae0ea4f82b9d1da88f7590f38fe87d3c038f187,1,1
d801adc5c5bb3ee314605c4e3186632de311a44700f07e4549343eecdf7740e4,1,1
61be460e83bb9618e107d9776eab2681e23a5ebdb4603caaf3fd7c72047bc234,0,1
1378d08d3a27b51d280a1bd93bd4c332024022b4faf9629627d46ddbdba76d7d,1,1
75bc592214666b5b4b0f857b469a44f0b1efd13eaadbebfcf68103f70be14f3d,1,1
2824710865e73196a30882f2796e166e46f6a2fbff8f3b01f8f2b7790d50e781,1,1
8415d8fd2c33275b2c41795a61ada8a7be8fd64c960a0679e756f04cc409c4b5,1,1
a8d9fccec2fba0e38c51eacd8f6e9d8d420cffb8edb10d7d1820f7fe33532e1a,1,1
0dbcd44e71f02fe0514f8bcf8b2dfd0ee64f08a9b9dbdf4af07304d0514a8719,1,1
91c6526be1aa672a38590e8bd2a917646d1ffdb20a2f2369eaa464fd14776699,1,1
ce78f09fd4b1d14ffa36df1b0a9cecd576eeb62cba7e6732f96a5373b87c6fa5,1,1
e41cd6ec333c1aac6cdc4d1e212591774f8e9b3b9801dc0328dc5b0aa2281e6c,1,1
2d3cf6d0e56b58f79675de1e2c76474d4834e8001b16d8bd38eaabda927bcdf3,1,1
ed5dca8a3c33b3736ddd86d446e51d6f2e87a1ecd816872203a23fe12a5b4068,1,1
c13e109df000eb0c040ea4c778bc60c55040d3c7528f6ab12711c0c7cd640dbf,1,1
48ff3f029f4306c3a72f075f777dc9180ce7e4c6bb4662d7a75a6fe032bb10fc,1,1
f083b6ee7c818806ca81c631a75cf040a439272e2c0b4fd4d3aca8feecb2d5cd,1,1
03bfba30e1dce8b57c92b931b2f66750efb49e99d7a87f8843342e50732da4ce,1,1
74eb9f4e90b9e267cf61b54e8bee64b08479f1ee764d9fc8ef14f232047211c7,1,1
07af24cbb8e9b26392e0351a8016c313fb863f218a139cd0652af6b351107630,0,1
e28356b5f5c4d8c31dfe2a2a0cef08ae532f18b0888f47d3ff1876245358eab8,1,1
51a37c74310ba7da1d7803883ba587016a052ffe15c5cd073c6c78df4ce7bc89,1,1
e1d75098f346383147d8676fbf9f368de22b94fee65bcd7247d2663abf930680,1,1
0c74bf1029a2337445c86bb42eb3cefeea85e795b4bd550a578a332e53fbd3f6,0,1
47c43ac1663f9358204f9b2efde92a369869f54460fdbdd3ad4dea7999f71870,1,1
7f0ea06e8fd60747228efbc4c880451035950483578087a2b9265772dfa17bb8,0,1
b99c9998be071c2d449038108d2dee5034da9afff42990d045ec5867258c0e39,1,1
33c51a1e1c28f06810b222b5f4e7fef94f73eee94b85785e9f1dcfe65fb732a7,1,1
d041165b7135663d3e5081cf6af53e4cb5f57d0ae4bf01962bf1d6aaa8d20aa0,1,1
f9566752d214ed950aff017244cc4d6cb82cf5259754da089ade0d370999c407,1,1
3567183660a408b3c0d9fa022bee09ef41fe026b0b6d984f9b24835ab133aef3,1,1
e0ebdfd46eaa14110bd3cb41e032849e3de737ad9b41076b044a3a3170cc5802,1,1
90e46aa0f8b0d0ecc549eec962cc601d2de983442803e913fa089dc508b9bd9f,1,1
e8d781f55ad19969692be12f5830e0203bc404d9243cedef3c712b390a3a4fae,1,1
2b795d4418976598cfec07885161715c675abb055b949b4d35e70d104723546b,1,1
302b1eadeb9406f86a16bbc6c303c4c5c66d29e1041396ab274d71d85760b666,1,1
6e2ec7d7918977223eced199acb394e02e36e5b1b5990891032892de77da61e8,1,1
5ac590917023a24e34a048e915b50ff1c7e573e13fbac5b71e5fa35d4dc4c558,1,1
0f4678ea3e6baf69ccf601e197d89f76e442ece60e99222ed27e2ab6c1f04285,0,1
b8ba4c698c5ae31fefdfc5dcfcdb73cf3d9942ce33adecf27554d6c56d89fd20,0,1
025468ab86ea455def4db366d0282905c03e9b514a23352e85d1b5fd000b9270,1,1
dda26dfb79503580a663bb8c7e26eaa48888a196490a6d86e08e75626544e599,1,1
f8123acdb986c1485501e7c651eb3597124d50a41161931c0f59301c88ff9638,1,1
ea84016892b52981bb023079025c9de87a23d30bbe3237f9fbf45154af4decdc,1,1
5f30372c317607cc6d94216f975692b48a3c753f6429cdb588dd2737ecc88dba,0,1
546ba06a43bf6c854d87b7b9dd385f2cb94ba0e419f8e8dcb07c8c511d8eea55,0,1
83d701456c94c8c6a44e44c99b3ecb27a989b1d04f027a742e061a6088093374,1,1
e5fd1e4ecbb0d4cb2019b6e3292a6990654cea8dab7d4f664faa0213d3999590,1,1
8bd17abc86b6d806686ddfaba1ad19336861b0eaa91d557816180c4e459e18ec,1,1
6cbbc5127283b3c1835c43b8e6a81c077d2bfb12564b4ff22dfb47b183ea5eaf,0,1
6267d6c8b534462474b7a87361b1301bb1ffa7a8bb202475d0056592743b4d71,1,1
176477ca7d6589768039cf276847e0523578a1ca4d74fb0c0bc2cbfbace81962,1,1
65a2370aea2b09ab8cc7e866557728ec4bea728cb53b89f009ba515ba6de0511,0,1
6edb41a979dbd22ebd000abb20e01434c85220e7122c7dc3739d47bfd08e9e06,1,1
ea55e3c1e9bbea0767cb8eff767089ad4dca73d252cb979be978ffa61bafae42,1,1
60bc0d72b3868e231ea3cbfa0102167bb95b3411525aa67166902589fa15e57a,1,1
6ff32d5319dadda6d83df84f198ef131350a5dad39e2b4573269ecf2aa0b9909,1,1
3d553283ee772b0f874bd5926bb6d96f00c9f424ffa4b3bb72c290165617a6e4,1,1
5c14b431b47b2bc9b64dfb38f6481f629d5087f9ac50df6cbacdead29c945177,1,1
8dd53c149add48b83b7f81274159a0cce71d8954b8379a6c3923f7cd2b45a657,0,1
37002217dcce8465f9d6c660100bc3e9d3b58a873a536a5e1f43c18f69708670,0,1
336ec8f77391a647f316db1ab51ae538e98e86dadaae4fe003fba9967a0f788f,1,1
72d1293797b783bd2b10dc3326de2eb4275178bb2b10149bc27919ca67daa879,1,1
b977f361c012c0e976251de1a19eebc02106dc6b7b34a062913a6c144cda7f0b,1,1
b1334a7dd6aa81d2d80707305fad3a6f8dc0fd368fcd965eed35511554ab0190,1,1
8a7228fd521ca3ff64fa38b1519a450d5718f03d6b975c29ffdf00d329956871,0,1
f757f80d01133a538eea96ae63ab5798305d60e7b9f302091e6f2161a00d504f,1,1
9cf893fe997b7ce2960750964ef37775f126d6c18500bbb1358c421fb4113560,1,1
57d6a769fb6ac23d30d8cc281e19c10624b439dea341cae3160a8789cd2ed807,1,1
93419e3dc0a7b6c48517a54e598e9a311fa982ef8207d3de7fac0cfb6e2a2576,1,1
1c5c72d88e9d9390474484d5a1b4aadef5f79ba3184336286d5335d4d8c61293,1,1
de76d2d4fc03ce38bff73cf73f46a7bbb3f0cd4dfd989cb0880c891c524e489c,1,1
4757373713837d5ec79984bdbd08d3cb5c27dd5beca061c46bbed7a9a82deebe,1,1
4d741ed2f9bcd9fbb0cdd5b571efddb539a2cbc141dc8e9dc0c777f4b8b49c06,1,1
dab4ce3b2e6cb83849eb6a5c244d31e52a7073dba8e9848ab7edecbd18958707,1,1
1ccc71e52fb0b8310050f9aa180a35422f092babd08c7a807413529ba14d3049,1,1
e29bc3b67d2aa450259ff0b1cda6e6233c92dba089198e0cf67dc0d36c5029b0,0,1
087a8ecfa83d9ef259cd7e1111651114644cb1a2f11ced29f776bfd5b44e6e16,1,1
15e9c6d0bd2a5e2c694af0e4851ea85cadfaa79835fb715c72de68e98c08cba9,0,1
37262c9f2a2caf0f6d292f1e8322f0b8d99c7098b790adaba8591cc273f3c31a,1,1
a486e0cb066e4b6ea113ce36e47f1dfcda9f8b2c07ceb09319c734a028dfa71a,1,1
f8d5adfd5cedae4923a6ebf36b775126de750e0a66951e700cf2981cfc215006,1,1
be3697385656cc3647f5b40600ab63164688e5ad454b0cfbb16bdb67d3a72faf,1,1
8a55b23ead1b59dc3c7fc77fce2e4916aeb00cb1822566f96de4d821c3f201e1,0,1
c558df665099e1623163046f9843eb86fdb9e9adaadde6933fb75f5ca6c2266b,0,1
65fa1f39d73973db2dcd1368c51771874c6f96018e675c7f6662375421e5ca65,1,1
1a7f56423356b7a0118ba711af8c4ed00596e503f5719dacb85a4c763b91d832,1,1
df9b333f062bab87774baa79d83e229836685a9c757db6f1ca2837b078d98b0d,1,1
5735ef67c54d4d98180631d35effc4b5959f6f15909b5e2e4f06a3359217a1f8,1,1
e0388e9f651a6c28cb9987d28df14fce5d6bf57c18312efd57483d1e880a2011,1,1
23b832d711e1b27d117e775fa2dd6dcf5a0d91165cab563365991baec5fe5293,0,1
6a99965b9da6d51e3f810892296c5cf9795e96062f980357f783fe8f6a647acc,1,1
bc55981e9b598a4134158b964ba85fecd4fdff639e709051cfe62fc0ae4cb05d,1,1
d68870949f04281abd096abf1e3b961a26cf0b730016cd587a866dc760bfe022,0,1
17cb3dd7b1f9f49f2437e7938b40cf63d71aed4f71529b69dc2bd158268e6419,1,1
3a73ab65f49544bd9779c05c76c883ca00bdf272b7a152559c431d1afcdb24f4,1,1
083e4e5376d1671f0864a29de91a1623a8cd42147ead79a2e85e112dbe2804d3,1,1
fe44d32e72806c8c0bcacc69802a3d18273c01fe9ab67dc1a611131c246fa6f6,1,1
0a06369b4c20e26d3a9b59a29591a8c936edef7d9f4a27a153b1a58489fc2558,0,1
e86dee5e3b3dec64e4da8610d165ad8ba3cb6ad05e20e9423b09d082192eeefd,1,1
9dec943f0ecdbb8ffaae0e14bfe12c806f4a3d5301f3c1702ae3e6d8fca8f30a,1,1
db092603dc789113bcabd7a8d3b4bd07907cc5732fdaf13d73e4731b57d760f7,0,1
637dffef0222cc5d3f014cbdc2059c3cae2b7f6c8e95556de084c9ae4c282799,0,1
61a97e62c1f8b8a60f76bb5d1d25107c57f2fe08ba8eafdde836885d5c974dc3,1,1
7d57dac6086b67ca7832f320c1f4c191748a8d030a271acfbb1986c905d2c485,0,1
28dd15f2b3a5f7fb7006817feeade6acf14cdd2782d4cdefcabb38a79ac27a90,1,1
752d97fe5b685ab5343bd089dafe2697b4929e5f202c5c36542d2e28b0e35d72,1,1
1f924391a1363264dfef5f6b55ddf004ac407d8f3ca8bb869346cbd42235118c,1,1
e3e30e307572a9439789762f745690fbe7743906934986fa4632572d3ad51037,1,1
cebf2c6d7bf0eba0074c228e52b03fbcef263585ada66789b2bce5e9268e09fd,1,1
94e97a3be8f4c05db0af92b62d189a3ef6f78b882390ac5f16821295b4fdac22,1,1
befc69123828d2af077474c6286d2187a08c64aba535243f67c7511cca797ca9,0,1
cbe2128f7acec37226724f25153c1b4b843fe4cf18334e90321a00d8718f63f4,1,1
e34641564c1a21cb605fce24ac4ca6751bc0750cf2e29a5e005d1623506e856f,0,1
ab2b157969904c390030e32f9f3aab8337a99c3db28038219a013b32794a0929,0,1
592d85ecf5863e172ce3d4d0edd08e90a1663c48040433941b82e191c27ed1da,1,1
8a59535f3e3ba19386b2adce8e67b7b2fd1bc31f9a736620add47f380915a58c,1,1
38199aea5724473bde90a1382ec52c1325168046fc0b20548cb555c402143ad8,0,1
d79e923216857f2e35476d7d4abe76555d849a4395a67d39a064d9fcb7156aa2,1,1
1271b7c7869bff579be386ce6a7bd495dd9edd248df8be3f961b74635cf85533,0,1
9e4d96b5f5b92beda80b6faa2257e76c4eaed558fbcbcce3436b2eab6d1e97cd,0,1
19623ad2bf3501fa9cb9b642d3c158b5fee67f644030cde56e12587d54d1ea7d,0,1
671103516904fb124c1b94c74d6ab55734b6913e972e445f742c30ce46637c54,1,1
f4b9343291a1e0d995ab85df725bcfc04bdca0928e5a7143e88e02dc1f850db3,1,1
12b447095327db9ab8834fe9b9a8121ad51436713c82b3bbf9fe61f85efb081a,1,1
e6f9a09fdf4ca7aee1339c90ffe6add651a516fc85f8962eb57e38176dc91e89,0,1
e7ba76744eb322df0bd90766033cfa9d221335605b523b30930dfdc118bf4df8,0,1
65928655728adc3ed45e5a7fc0778c3becfff7838588ea071d538e5d5011f583,1,1
73df7acd71244fe3d60b26ed2562b4c3738822e0d159fbb4c7b7932f84c4fd24,0,1
68dfa656684275f65dbf21ac4b1059958a6fa8cd2035963988a6c60245284d6b,1,1
8ec48ec22f019b23ab019fc062d878334e5170e66f7d83165ac9ed3b7542ba29,1,1
14078ca80660adac83e44a9830b7a612962ccde6527715a727fc1809b83405f4,1,1
c5c5e8344404b5fd18484c0ce2297d84faf6e8001df53d547903ba6ea6978955,1,1
10a7d909b1f1900ed880ffb90a630788e29b06f388e508daa76e54f3380968cb,1,1
bbb76df712308773f6a5606b6fbf82c1aafb6b440536c41758d39bbeeb794531,1,1
8a6970b25233a839549d8c8377130ff4b6e5a5c9e13014c18f0ba817576ed854,1,1
e1cb967b453d0af4fe2fe82aed86b2890acccfaa39baf805657ed990e4978b33,1,1
ee6c970a08d71122bed437635a0cb876aba2dd59b9a24c234ba70810b8e11549,1,1
3ca4036dfee0cbfacbc3cc5c149b5a2240da4b9176fed3e8ba4bd2d73b7688d6,1,1
30fa6b7e2cb8e8d87d3cdd85a46527f10dc0618939e4210f2c3ed5bdd169c646,1,1
fccbed896c8eb2f273887886f3d617c3e30a57218c2377863089a47e2c0a27fc,0,1
d9c4d6b2167911ed832b72f05ffcc4e921d395e6fe57cbe837528ec89ced7f98,0,1
232024eef5a07f65fa276626e08acac56630ddf826f0b0bd372d8fb3f464d744,1,1
475a1b13892bb1bf5e160044a24dce1ae601158a8b1e69a867a7b6fb7026bac6,1,1
9f343d791aed99983143002351fce6a80dc05b89690481e4e801d53f2e614b08,0,1
8da42fdbe6773b205ab58f8a51815063d0d4aeac83085d2eaaaac97e7b3ccd46,1,1
a8faa98141712ddb6c227cdd91b0f1b4792fbbff3280668dcad11dc48628ecbd,1,1
9d7e76fa7a34ee92c78983a108e5035774ef82836231434cb5d5d76177470ede,1,1
4b5e36cde8e3e7914de2b4bbd6c2a5b40b40d0de1670a1c00e1487cb68a1adc6,1,1
5d2c07ec8e611ede2abf59054a1d232f98173a28b42ca17e18204a6eb18a8d4b,0,1
b6d4fa09a5481269d2039c7904c3e8ab92528ab81188fece1abb61aaae893779,1,1
06c7569868a592fb1886fc3dfb62fc1d8d40954619e45444a1f596471cf6df45,1,1
cde09094f609fd79917eb63fbf99f96a401154b931df1559341c0c514bb2c1f3,0,1
9f2b0e312f42cbfdd97ce2caef56b5065fe1ccf48f85ca538a10c35cf27a316a,1,1
facc2a955fe05f6c16e844990dcdce540ec0bc21c51b2252a8975217f2943429,1,1
ba4597022243226def217b06306c13fb220b2d73f175cbadc6664e0a463922fe,1,1
cd5433ced8e5570b9fd3c24d45605c5d1898d26cba967cdfbb608ddc5709c9dd,1,1
99230eaacca3eb11865079b78802558b4547b5145b0ceab4f1d9c34dbce41356,1,1
723bc55c090e3429e23f8b5c5e5894723a7169a289c60e17f651d25541c96604,1,1
571513cdd211940227e915641576ab1a44fc0d8b0b73f09002b667bd684572a6,1,1
ecb740f5e852f4981ce094a3148dd30021c9590d1a5742744819180de991c6f6,1,1
c44f8940283acd4377c4105efe1df0bf5031a0952fd6cc168d1835091bd91fc9,1,1
94492ed8d2c94e14e212758fe0b596f7cb4b2e069189999d6b33d83a70f98f60,0,1
a506970abdae6f2bfb0ff29dd9cd8a7c578ba3f62b891fa2b9806d84ba514fb9,1,1
69b9a613de9e72ad032555b69a202bc0f29249eb37f7d6379062846b6e38c30a,0,1
9defa4da00a2ec3adeaee415195442ee7ff58bc536fbf6b03ad46c6159c12a4b,1,1
de4958dbce6e7ac584d276d416fd09ad828fbcf3a071523e0d3adc06d83777ce,1,1
98121de999635b2ed87045562e1090240407236cd759022e2852ac6efe774329,1,1
145a0efdee1d0cb5ff4ea82c8880ff2f99fea5bfa82925081b938d91a73ade27,1,1
6fca709c938e6e8c8030d967fa910f936a3264a2aa384fde5c80eae0a95561ca,1,1
856e5c8f3456312e2bc330167575b45c62f0d8d532e38f00edc220d0578fe14a,1,1
63d55104941c192a3fc0e97a411a01a601f6bdee2ceccbaca2f74754717e30aa,1,1
1fe5c027e3debce9fd9bfeff031f9ca8f42c8c532f29d270b55c08fa928fae2a,1,1
53231c8bb44d3e25a49727c1bf16fc6b24d64332f501e89e460bf6e4cd06cbc7,1,1
6a9816a883179652601511042c4ac9dc913f8f6faa7d8b8d3513e9507f49059d,1,1
7fcaaada084b2ce3a60a927fe64bfce5e466ac09e76e7c1e6cce9145a314194c,0,1
2b86a18570e72c87461a6a13fed33b8ba49341b2819423b0aa8b1f9ecd1cb546,1,1
6fd199017d5fad48eda71a50c7a160d3c7b7f3efbcfd358a14929e8a681ffdf3,1,1
cc351de363c20b05634aac5652fcf98c586a41c1801a300566034c7b24aa7130,1,1
fd28de063d03181a357886d4704f33f1d60249d44d4581deb9720b344cde41e0,1,1
f8fad88d4279f72820caf4a4944bcda1bc0babee4c6b020e3cdf35b1bbf53d00,1,1
b266bd7b3740bb8c1896ca4e3a1f05d46d13e9e1c47ee15a567270e549fe63b4,1,1
a0933aff3fed1a354a4357c4ac64d425e5c0b6584473ea684b43729344807ee0,1,1
467d64984c7a196ba08d1ff0b7f2c0f654323aad31b53d56d0b5e1c02b0ac661,1,1
7061f029b2ae886e309ce3539979a2029a338f32dbf28ccaf6ea4b786ac3cb22,1,1
f7e589e30445b2abae1a35b81940ffa91619ca2ef554c3293541a389f7e2ce06,1,1
b91afee0c17b744a301a8336341943e6268ce093cf9d7feb42108597a17d10e9,1,1
3b41c6578ebfbc2d03331c29d22a6aeaee4e00d066533b15e3c3807855b6d265,0,1
7e139613e01ed4c43456c3db025e3dcdd98d2928ebb45eefe0512bb7b6dbeaba,1,1
946483b5b7710c670525e58a04421e111023570ba514357de4a39c920be81d95,1,1
aba42efb035a18400656d9d25d889da351ff71e2730068ff12edcb648a526760,1,1
6ce35c4e7759362f2e27bcf5c6ecc59a8f01c174541c96810c4a463528669f2c,1,1
666b9a4ba5ab4d980b55de856e1f48423fe6e4cab46a3341f1a2b5537161ad27,1,1
866e6377d0aa14bf100ee60fd0e26207bb8b1819d4ff5b5175f1b2cf083a9519,1,1
14a8ad173b140352e90b6e18f9aad5962edffeb63d79d3aa170e0522d9d0b2ea,1,1
94fab642fa0a1dbe3a0be3ef1249580f93cd43e4369ed570a9ec164b3488145e,1,1
85cab832f0098bae1ca3a35b644702bb6fb6c3d722625398f5569efe433bdd75,1,1
562f87c446ed1931861782d07b38b615bcd8629689ad9e4406800c03602debed,1,1
ca8b553dc4f03276c449e5761658047d7effb04682bf9f35a9de87f4ed7912f2,1,1
a9fbd60c105cc1e731e3bcfd6cab684e992d968c2a246b55930632ee17b215dd,1,1
60a1007dbf6025640cfd79c420f642bc6be5804494efaf3d80e5a12006e3968f,1,1
cec9df4964c9a1a91e61fb57273c27834e55a13b1c1a3be0946ebd0dad9c44e2,1,1
1fc5b472f9868714d4a72f86040868d646dab0dc17758911f4c83a912aa57036,1,1
257f43ab8d2e1921e7cee5b7b35cc2a5ce7190c9e729a4067c558e7837a4aba3,1,1
a451ea28671da783c7cbc4f319028c02626d15ad6066107e55c3c837f1a3a655,1,1
64b825ec912b9f36e366847ba85192f683452e76e4de027e88605e94ea61fff0,1,1
b666a0bbfb6a010058c5edbe6c8ff42796229263f1ca13250d1a74c410789139,1,1
f94327f3f7a37f6c1525dd26816c4f39c1f66d7058e5bfc93b05aab1d2396479,1,1
5d15bf6d087357f703d4be82563d79aa67a66462930794c3695b1589d0024ee3,1,1
bc96172425e9d2ed0cf0b4532f82689fdc27d4cccf8516eb5ad4255ac326b289,1,1
18a264379d298bd09f833e727496cb6f02cf2e4a6cb0dd230de018e68490b165,1,1
51a48006fd0210597d34e7c2d264686f570f901a35ed2a635ecb22013810b29b,1,1
4ae1bfdddb9e88bedab6e3d1d0955c771831d9be6c0dd435e62a610f21d2de59,0,1
57fd7a7578def595d94edf785688f44dbc25697d301baddaa6c22a1646175c47,1,1
7e6f230969c3a0f06ea20b44d4cae6df2be6eda3ee70b9141be93ecb3ba64b41,1,1
9dc8946e655b9bf6736a38d216fb2532c9c95334b48ece2c993eab3b63d51f8e,1,1
6003c82d623ee0df40b26a6799578d6c03c3665418571bff37b06ed6d1c07901,1,1
f202844880e531b30cf8fb7fe0cce73c3cf2558ba50cf56e4a1523bb419532ed,1,1
3dcaa546270290688270caf5a810e9a224146e3fdafb71cf443e0ae4d2b402db,0,1
99e21f784e3639ec75d55aa49430471908e8e8f6d38f54da96ce730e45691a82,1,1
df338a8e6737505c9c8a1dc476c41fbca7707cfbf586ca5004a79bfe80af985d,1,1
e53c09c50d6fedbb5af054ecc9fb72126beba4b22dcc9cd63825345c307cac90,0,1
6f9ef481f04b29b4f0b2e76003c41bbe8d21d58c23b3982d2d5d7580956beb00,1,1
8a3f081563acca23cdc89d36683fda976458ad8c1055d37bf15b1aefd4bcf0c4,1,1
f0c8b2c2cabf4d40ba0c20284fb0d8462402c4b73861d0dac54ba11ba11864d0,1,1
db491cdbcb199da97ad2f55f6b5304f35957518ea9247081817c2cdb56aafcd3,0,1
31acb05b4c6b4785f5ca4b368b75d65117b0819c3e0ec493ae680ace14d1790e,1,1
201031a69d91f3df8fd399c82a7a64046488f2d7eff94eadc713ca1171e9f929,0,1
95235ba71b7079f993dc710cb67735a41035d22f862d01f9dd8dc8a3fc4f2e30,1,1
248680de3efb54a5be1140cb9b87677c1a4cc01a678c9a9b1fa64eae59647cf9,0,1
e2ee4e460ec9184e69600693c9a2fba1e76a50148cdf247468995f3cee2bd5dd,1,1
fe3084d5fd8548ef7f459a1e22497b509afb80cdee2bda6d2b3c9ad375d46c75,1,1
d7ea76637fbbd81163faa492dbf866e08f10bb58732cdc2e747ada5c57c07361,1,1
63b8dd6e9903cead3cfbae7002688fcc15161a92363c0329b04d566a87e0ff3c,1,1
c6e259fe2ca4abb5d4a0c114acc6d81ea8bf48920547a9017bace4d1c19c76f9,1,1
6220ac93ec7874d2cddffd78b24a720840bc4880e7d983927ceb14c548e3274e,1,1
3d9b3a18beea24407956ece104237a93284fd71e5dc9094d18093b445c5bb496,1,1
dccdec7d1f239cc9456024662619a05e04de6b9e171f50430b92e6d06ba11dfd,1,1
075377701ca39120fc9d1c69af5fd59d5523e766991e3cfc38a4a5a3622c16c6,1,1
d89ffdd434f6583f781c14f9a40d009df6bcb51b6f495472a9018962c41aec09,1,1
94d913994771884e3cb69ef1899a5b6cf68f6cece6de8b8a043462a57fcdccc5,0,1
277271e519cd5f65731b09a89c9b9c11736acbe02f48106e7644cc8acb18f1a5,0,1
53da8628ab79d63e1dff40ead3b03840d165a9d9930c2741fb25bbf1e8a4a3ed,1,1
a934157c472c659437de66b6f24950cf31a362756f01adfdb9d6cacc02dc3506,1,1
08f5beda383acee2b7c58edbf6d346f28e41d7b060f872ecf4ec63caf312c37e,1,1
c2c22d3225947c01d713d22312c4041b522b939eb87712f65df1ac77e13185de,1,1
7226d50a681d362a570b6f7a1fbfad16df0b59839e16c76b8635917123937798,1,1
cc9a216fafe3be541d14c987a325dcfe836d8510c4134149a5106d1ad9928587,1,1
a81c92cf3beb494667db57b86ce0feb4f9cb637459adc91a0a24f22f1fe86a33,0,1
17f30ddfa089b765adc58fdf47d30b9807de7a03f3efd321d2b50f8b6163b387,1,1
a56de5224e6c75a18cfa8137ff80cde935358e00e9569da0a7fef9106080ea33,1,1
8e5f85328d9562c67349424c016d73651fb70670182bc1cbaca7e04e837f405c,1,1
ebbf1ebc8a7e0dd9e25a4b5bcf60242939b797208faab26e3c1bff748c7113da,1,1
d6858213d33d0e09c51fd9331bd09314d245e374489353403adff836060916e2,1,1
c1d46f9fec79a2e4704ce101c29d4e8e7ce3d7103fa88df5cac63a9cf74d17d3,1,1
958441b35dd82e2543886dd3519be12fa58b7f13709744d09c329892df5a5a8e,1,1
6c3c3505868a3b18d4f604d55b6b0cd8e04bca6bae89e7c47e348457f729374c,1,1
09482d7feaf974a8b56756ff6e1c08b1b0b36ea71836de674dc2192a6b75fb54,0,1
0d55e7470b1af4876ad378cfb8d781c55092b44749f1edf751d5c633b164e950,0,1
9e5f3953a497251319524d3f0a489803f0457ce7b657c54030e0ffa65a296e97,1,1
5855bf1a5fa01165ef61ea91a157b46020a8239cf9aab684720b0e24090b2770,1,1
76c0914807bb396ed6d821ce5e40ec2d41fc05d973c4d857612ed3cd46259ec8,1,1
c77faf1588e2acd53888d90c4d83dea09cd276ebc5ec7317931573f14fca83bb,1,1
766d52f54cd8c4c6740807d37b72ae8cf2656b4d86650f42a8ceb94096bceaf1,1,1
c43139b943c54f5de24ebbcc4cb5cc2757455bb467ec26396abd63d639a84385,1,1
b814148267f67420d554b9ca3b7f228f00db943858af0e80af9bc89a62d7cb15,1,1
c8125d8618b2f5b5d2facd1be0965e50c646a9f59ad2234c5eb5d8cef263a9bc,0,1
fc638210fd64334f04b0e014c509b1a9de81ae21aef04648b878b6a82abf14dd,1,1
69cf28c1a9dbd28ac18a4dd73ebb44d5017f9b578ee4413b3fda82993776395b,0,1
16d1fa828d2282715c76336361b42c9edd5b8ebb0bc9a53d976a179a19a901c3,1,1
78b6c0599c46e42fd2f4c969d9bd9b67328e4be84b27a0e10915274832cdedea,1,1
aac9098232c725ccc315093339096f2d3b4478d5896e4393511e2ac8bdc66aa7,1,1
15b1bf1d4ef44219381fc74ab1448e2a9bd59ec64bc5de6c84442e7f3dd97d6a,0,1
9b855c79781f7fd3748969667dc5e4056e53fbc2519c0774ef7e18e7a19f1389,1,1
620a3525c9ba0f0e7f610e24bcfcae4552538e36006745c76ff655a071f277f4,1,1
56e9dc1940c6eab13058345702a4ae7aeedee0d0ddfe872d987ee4ee10d875dc,1,1
aff837d2ad74fa7270a939ca789076fbf24413e69ca2116f0f26ea60e752b5b4,0,1
27ad2f06f83b4ce38fef2ef21ddf0d3db619801e4cbab00224fb6be44dd93588,1,1
d0a060b594559ab1581f2090f7101ef91e70dda379fe6c5507216b13a48d0e53,0,1
2822ecae749cf7c55df35a0a9d723fe66d040625244afa36a2a3786a13cd51f3,1,1
2b6ec3cc5b0d600c24dce36f2fa5960905123992b03a17ce6f7cd9edc34fda87,1,1
a2ed6d86f244afe75ba067b834ff1bb0301dffcd9f2d86e5dec3ca59dc6b905e,1,1
d7375294f616492a587e0d83e098fcb982bf76e65f914a38591db3942b24792e,1,1
515dbc198752c7ee9758f07d2a02056985e2af5d2f31c95af50621d150f7ad85,1,1
3ce53750404a9e318cd274c4c9692ecaa9b9b111b84d411a27c3779625947a41,0,1
9e4375433b1ae9bef40625fb30ad2c516c51f79a88f93a03b04d90602386542f,1,1
fe79cc49525c2ca3f78d384b14b1c667ba675372792fd9144e500c8fc5badbc3,1,1
2d9fc31b21f1f03679da8654d7127d6d00cd86e0877c268b6087726911fbbd13,0,1
556b5da5897971b1058c542196277f6bbe3743b6906b2541ef59ea3b02bdb4c9,1,1
42afd5f25bea63b0c39ab8cdd73608a6133478bff8d009d52c8195b811da5504,1,1
99acb73f1e472d3a436b86eb171c62b690e6181047eaf94cf32d3f40307c64c0,0,1
80e18f93c2e69170c5bc026dfdb275c02efbb7c8afdf0e7c38b38d5e5fed25c1,1,1
28b094c48db35dcb806e0c0b632c1b6bf6f8e40e51f903338af613347229c90a,1,1
0ab9a353758f68e26eb5b817c4373d30e9ea93a0d79fc7f53cd9d7d3c1dcb352,1,1
79a857ad0894e2c32ed352c14db1d87170998b8f06de6ec2bf7718dd6c5c9e84,1,1
337980e982189526cbfa70468c976a48194db801fb0a309f69571869ee34096c,1,1
0a06d8b057be58fd205fa05e6991566e7b492cc888a4fa8c42782d585cde4822,0,1
33e5d3b2d7c9df76089cc825d8e95e03cb2656548885041c3483b77741805aef,1,1
e261372eb6285dc76564787a6a8174fc457210337f169353ab2e03fec0076d3e,1,1
f3b58151ca89b6f6d69dfcc2a7980f1fbef81d99a63700b81cbe7833293be64a,1,1
2f58598a98d1a310273c4c8d42a8a069c4b3beaba8779ab61af97790c8f9007a,1,1
0c261076a866f25ee2fcfe364c9729597d5387b6ca18eeab05ff9ebaabdd818e,1,1
67d391bf5e927fa3d94ea8d8a21182bc4f00f0660b3a8a87766556801c579b6e,1,1
8ae02fedbd2d91d0d21d12c8f765295acf756c0a6f1daf8dcc3a3626b5d9ba94,1,1
aa516de691e1859f6a877a35ad80cdce05588bf3d0b2da164f4f5a26fc58b340,0,1
aaaddfd1fc91160ea673f7516cc157d8bc02862d9f314abd6426cc2cc288ddb1,1,1
0f07ae0e19c831a37db750f35a649553507cc355279d900867827eebc7d27543,1,1
57d79e8b597f555ad533fae2f4159e76165f24f020c1d723f32f040cf9122cb8,0,1
77171d6ff70be4ada9a80ac8907a9403191b6f0dcecd942037dfe60171f0fa19,0,1
a2618b63a1058014ecfb3e5f9aaab27f90bced718666a7a54b02525c71686caa,0,1
642d675fab3a9d7303aeaf160a2f84f9f3f985d1e5437b46bd18235446389a80,1,1
5705b4332133393f0459625c6ce1206cfab9a725ca1621c327b3362439b6c2b9,1,1
f8af051049c8f6b105aa01835cadda233e2a75baf6b22e7b0247d6aade08b6f1,1,1
de5948289280d3a8a5cf9c04c0fd9217f22722c8004dc489ecd4f97c71291715,1,1
d226c0a7901a5782e0c19346318b384c263d1e86965d51a827534b3548ba6dea,1,1
b40f13df4766da75daabce8c80286b53be42b91092702b68f083207c4445e4d2,1,1
b1bc81dcd42a9b26966faadebf03aaab676291d2df59740cda507b416e460f09,1,1
66236ce168a8c91a34bbefac9c6b5ad866a6c9150486e167a3ed0f3cf9570c33,1,1
3ea2c16dfcc8052f290b61fa2f3c2832ce1f41891a349e9009cc5c1220ab703c,1,1
43c39c7bafc5d3d98538ebc021c1d32c7f24f79b8e1bc7cd3ad55afd57e619eb,1,1
706262ca6dccb5c1bbdcd89b84bd4479969bf8ff10c9e9ffff5d239aa2deda5d,1,1
3cf9339806daaf30305b7e1be8572b584cebff28a561df89a467c1429c9e1f84,1,1
f3aee5286c447f225f06d5f7ae120401e97fe490056f7d377335f51ef4a80309,1,1
649255d014347cde5433c8d894e2bd49a23190b9a8872bad21f2fe07ae60ca5d,0,1
f9c191479c84bbee688d6346e9c13c49526e8099c4772ca34ddf1b2776ff5949,1,1
c6139c6d0efe84d01cc2e759799511f5a6f7a19a7c4383fd653ec825b12d8bcb,1,1
bc034bd58182271928d02b9de7d1b57a99687ebd4104f5333c7e4eecece11f48,1,1
4fe78c6e7a363b9eb1715b6e319932423f973ba642c48ba4fef283ed58067f1a,1,1
bbd2df312f705e1ba3b1f8082206eaecdef34f25ec0a31110482bdcc02bfdc2a,1,1
9e4f788a1365f3fdbe8041dd08f78e255894df06dd3b71fb5722a3ba4eeef958,1,1
18973e4ed1b8eb73216c317ce073b86c9ae6d80262ebe7ecf86932376d1848d4,0,1
814481ea8293e35b8fda13821adba8ecaedbe4048697b91542798249cb9fdde8,1,1
b83630987d152c73543eeeb98bcf78e01cd8f68c1b3cc8c888831b54dd4a6a66,0,1
01293d000583f7bd4a8e7645c668fcf740da6edc94aab272db86b2c44af5ce26,1,1
ab9dc728c3cb8ca0f6b3d1fdc35bf61cdd746c8e592cfde7ee870298c0411410,1,1
38a1ec758117fdb0501d692a6e15aa36023c740971e9fec3fd2e186550bbae37,1,1
a49d113772623c23e5292e3648021000c00bdc70cd04430cde695c83bf33155b,0,1
a930d532816b9dcb27c1f3e0be7199943901c50ef3325e1e56867b3c694e57d2,1,1
92545719652b9aef12c861bf9d1f90fc25e4b9617429e9dd0df4b45a8fe1a2b3,0,1
21585ddbf69be1d6b0c79c971b2615c625cdf53cfb58a64540f81bcb014c6951,1,1
5d12c3adf264bdfd213d0099e3d888c4ac4908bebcaa274db35208d649b6c6ad,1,1
0901813352ad7208baca0bbe3b7ba7eff105146733eb55da28def8506122bf67,0,1
42c0dda93a03eb13139f191538785f3a1a4e89edc91f56b25cd091c6e6626741,1,1
3d5ec102d4019f5f693f718f41d99cdb6eae205fa1feecb8a211604090b62195,1,1
fa51738d34c41756b779f33dba887f6f089904332cd640067fea65c1a8a53ecb,1,1
91c25d66edf193ec4731694d096d8d04d800cb2de58b7e0d1e8566aef16808cd,1,1
f5255c15cb1e3cdf8db3bb09a79988b02787c302cab784598d6a9deec33d304a,0,1
8a92939ffdb5048f8a75b97e6089ce5aa6dec83228a7ef7422018e881defd92f,1,1
e14352ec6412baa305fa0c0721021b30bb23a514e0b5e5045e09aab53e38438d,1,1
f431008ea9db2122cf4ad8ab442a4adcb240c3f1b92a80f033d344a5898b80b6,1,1
e94891c3acab6f55176c4724ed07780b37b546fcb4dd53e74bca7456b3806bb5,0,1
b3d5706a9332d53c1a6584d6746dc4a9c05496b0d4cbc3eefec42752f59c2238,1,1
0ba1a55ce2cb96bb56e860b85c9d76e1374878de33d6457b63143e29b73a9490,1,1
59903218a870f7939c4cc1af80022f5b06910e85331607413c8ab9635a599e87,1,1
d06c9866d327752f92d8d52cc7e59a86e62e8971a7ae44d21b5f01590e614d29,1,1
d4b3ba3bb4e4115305cf36aa3b40fc06b162e8ee6934029074fe437b6bd3fe22,1,1
d5b4925f1a0419d9a80ca2e4b0c425de864c8a018010de54e000c5312aa083b0,1,1
e75c77ec334163a987096969ee768dac88cd78c218a9d443d1fce94ecc9784ac,1,1
2e409a8b92e8ac1a0809daa6e9dde1608bcb83d67b06064a410e70c0e3a747b7,1,1
fecdb4d58573eb361e6cf321184d5cd0f3b68a37b633a9b5e9219afe35d3e4f5,1,1
f7538bd2002f00a5f220fabd5921da09226ba1e2b270e73e913c8ad292997bb7,0,1
9263d7709b54cdd4079cdf20af8a00dc72edf77ffe20e86d40a1c105a7fe2c56,1,1
d05e670a0ab105fd2380fa72ba42ddfcf5ff1d82f18787839e471a7c14a1ea3f,1,1
13456435d2dc3d3278c50fffc1fa89cab715c33b0f97f67c8606d4ee493ebeb9,1,1
8bcf4f66472a07c2e1535640e1fdc96bbad478fbf4e689b065bb1f4183e07572,1,1
8d1e290df845f05fdf6b16239720f04ad714f95f13ccd701c4d36085791ea8a9,1,1
c221b7383db4f07181d522115980d92c673f8e6fe21cd27cf4fd9d0cf9af98f5,1,1
dfe846495f781ec9ec26a08928b762272f1701a5ff3c0f2e5f9c716efaadd6a4,1,1
72b55150c732807763e7a38d1223cb93fe09e018f6830f854103950a50ea0ea9,1,1
64a453bf99a125903ec6d3b7a2739dceadbce18d6f4582b1366750604e6ce0db,1,1
bfa985bce128b90fd933b15ef3feb916e92157ed06d51bfed57d78ec99244e3d,1,1
3b58ec76fe0baaa9d6561054d6894a8b054f3aee0caf2ff834243ce1b8959e77,1,1
90aab875159264e8f0bd25fce245eaf20294e3e7bc0d4aeeaf39e16904f583c5,1,1
fe5315c281a0d68450931298209c3797c44ebf57c752c232703b1d97b7fb51cd,1,1
01ea33b6f5ff22cd08530a03f778334001fd3d9472e42fc5ee99df569d6a7555,0,1
a881a1a946cde3ec2a44d86e61cc2058a6b393a3bb0091a881d4750067127698,1,1
dba999ccd57c5de5880b9ae81154e90a5ee6f3a49f50e46e9df6daf5cea0555f,1,1
88b5fd772c13280dbc105b39562e73ca9aec03de8736415d195ebd2ff6657eeb,1,1
24fe70c0f944e4c007b37cac71dfd078134793621120702a2bcf0f3a11c02aae,1,1
18e83fcc6d6135d4af10cf57ec28e94ca8eeeafdba29cc54091b511e8406bf80,1,1
792b47ff4115b097dd071266a4b87f94c4b7ccb20521d185b48d24909ff18394,1,1
f441860715a4733c2a60c9c8c3512d3fd2b4a0050f69918bb4f3c38989f347a6,1,1
d76977d2f17eee16a7cdab7adf166f3cc11dbb21cc4c90c22e7e82a179f9f21e,1,1
ce301df571519e11a747c683791da02fe1aad5b7f203917da70a3a9b1cb691e6,1,1
76cd0b46505491adbf89d2740ab481f307488f826a15655e42b880cd43b276ab,1,1
79cffcb519e1f1066bd8bf2973a6a461f59116babe27484d11329174a863f951,1,1
15edc6ef4920c634ac0bf89cef56d2123dca99ccba3a582b6cb32b39821832a9,1,1
dada6f226eebbba093d2cbb2c3be44ca956b3608908e4477a2e115589e437d88,0,1
67f4cbc50da5db578fe36d79fab237b431aaf30c812f5d57204b1bd1a105248b,1,1
147f14723237740c8aeab8eeab566726412d4dd714d62b122e21fc986c8bed8a,1,1
653e0bccef8f198533c7ec90e2d574cbc7d5c1e8093c08849d78b8142a01d3a8,1,1
f26816b5a7a6bf4a2dc8177a0d97b1cc4d3190c9e2a69d873d7c3c30c710a58b,1,1
cfecf8f0437367a731bde71c663b60daae2a6cadcb866005805b4639a34211d1,1,1
7d788e498118d4d2e6e501d6849be82c62a6fc8f0d228dc99f9b6cc3d1f63ec4,1,1
00aabaea1785a37371b6652647c529ff018c4ea5d25063474b17f381fea1c84f,1,1
9b779527f94d8e40fa330dfacc840181dc140ece7618c1d8ecc84f7ca95066ad,1,1
2117e1ebec3cf705356eda22bd5c2d40e5649f5ca6f305647520e66f373fcbfe,0,1
8232270dfc07f629dc813621f92342c501a681d503b70757b0d1731c22953388,1,1
62d8376f820e69f3078535fefc15f3b25eed9ba4d78182d695d3ec9f063eb281,1,1
2baedc8fc2e407db7a160e08c64297af0f0de4c33b1fb57418bbf9cd6b79774d,1,1
1e464b63797cb9eec224a9cd39cdfc7b365bdfa87ecfe83e83fae1edeb60ca17,1,1
41dbe2f6f1cbd4170b93776cf759e7a62e36462f52c490050914377efdf4770c,1,1
285caee8e137cc846995dae4bb69a4b9a60f9f8420d2d3e11a8f6f35d21c9220,1,1
9d3666bbc257d64d4ae1ae0f95bd296f38911515f6d3c5d2f3c4f957b483e981,1,1
f19c92dfa976011a07f0fbb94baac9d7f7fda804deaa93ae55721ba70b1f92da,1,1
b08a59e1195a4319e483fddd6889bab56723d3c28cf8ca506ba1f618152ff6bd,1,1
ddcf13405a4f63a2e5e6fb6f5de5c9516f13b1f37a8b8b8033f4ae5a28a9d7bd,1,1
8bf9c1a25396ebf685447b1e8a74bbbbd27f87982ce9a3c1bf782856d0467ab8,1,1
99473a4fb3b04b89818696996779f3a856e69c2e9a3fa7e6999ce1641a243947,1,1
8630b3b1757f17d82a9c66e6b59c2b6450f36a078082f48ce240d4e45c8db99a,0,1
788753b19406693105da0120f860cc264eab71f30f658e2452fcccd2ece27b54,1,1
7141e6855b69fb514d3e1ebc542b70ef0877218a6caaf47231df957d79b4994b,0,1
32ebf209f43b8b06baf9787ce12e8a87cf98d4e45a52a74794d16aeb81d3a753,1,1
32eb348ed0d2af04f8bfe31af6763a076a91574bf2230918e866bbf6ec6155c0,1,1
dd89cce8727f15f23148506bb1bceddfaa9faaa5d6eac9ef0062797b93c04dc5,1,1
750bdeee740366cadadbd83508fcca67c73bd1ec38ac3d2a75e1a22cd4065b91,1,1
27ceaf7ffe75c30fbdc0a20bdb3e1cb420c133af77165a016d446654c5c9c556,1,1
1feb0620ae21455392e9c1584429df03b6be7ab9b219821fd56fdddb4b909fa4,1,1
bdfe6fe32dbfd38ffd6ff7e6f59b925d212affce765c8641f84d5bcd7d6980de,1,1
a5ce707b9ba4d57714073e47d3dfd8c79ca60720f9f6025e291f4ad6ef97c9df,1,1
dc009e2de792f31fdeecfa86fc69ae14bc50672ac5512b9caf0c671fb5ca1df5,1,1
e53ab5113557e56814ee6b3f49009dd1763bcd2a6bb4e0da284b3890ab2b1cdf,1,1
4347bceeb1901196ed16c71c070eea9ee97a7e04a1abf79c21fa70b8ae16f4ac,1,1
5c537d10a25b52fbc6dde515b923c0012c0ab383acd062e603a925ec430b0638,1,1
05b292f502bc54292cc307d50eb7220d647354c1c65eac5e9b0d9af6fa5d9def,1,1
eed0c0000bcfb74f94319d3ee2353aaa8ad24d8c315732c08663074bc092c07d,1,1
70f61814750e4787f3e44b1d4a35b20180dbab271ae19779098787b2e9cbcdb3,1,1
f1fe29ac411d0a831c1f931d5d760180b649c5fdb6a0513387a09f8a763422b5,1,1
86bf2359e4e1bfe61936a0f3909900b1c3e1c21bd6e6d5a36c1b6cc4fd08d273,1,1
d32714c171b1d9be7c39646f1bb67bbc2e6c072a9ba8ba36c6f98cbf31d282c9,0,1
dfa5e5c721a3949f81b467f84cfd00d36873bc0111339be238729f8240c25c9b,1,1
c6f8c639b316fd760c20bb3901d409b8c86ddc7730cbee889240028ef3cdc042,1,1
4b87dd92ee52eaff8ef63f6fe03f889bc9f00156abd81adc61bf06b66162b008,1,1
ce29da569862a94f97229f2eb1762740217aa8c93d5db124493f6a312c28d12e,1,1
6f0aca58ef6c309301a1209ab9379de40dc17f40b3e5bf09a739e1d17c5171e2,1,1
ed23b15479be4169f2ad308c15e8c1e27d0c5b9b363085f33307ebe7cb12d0b3,0,1
d4096d9762e95a1cc0fabb4f0259413356c707b319789a196a7b4fdbfe891128,0,1
d482dfba7a66d612c2a7de10f932836e8da7265d1635dec9e6ae9b090b0f8103,1,1
054d271983d7748a7e0aa5a1b704323bc0bc7c6d1444cd31879d2aa292541ad5,0,1
2f74beb45361b6c4cd4858e2997acd6c5ffaf2382b69b5cb352b0cb3d0378e56,1,1
57ea29dd091b54d35a6bb9efcf2fe17dd14e0f69d66a02a266a9e64de848982b,1,1
fb829ecbc16c6d001b6e712dad6229ac5ed8ed4e64026ba0a4fb6dbf1d2d44b7,0,1
56174b54a77daf694c175fdaa1643f8b760be81a7b90047a88344b4fc4e78ca8,0,1
db0bea17edeff1dbd03fe843601c5a862f523c9989835f82781e739eb4baed29,0,1
ad7368be7a3a7964a0a3af0f0db4f6d7e7951d3b77e7fa54fd2e7b78e44e8647,1,1
70af9bea0f9bc5690763bbbb06e07702cf99ee050e46cafda39023b59fb97364,1,1
6e05ab224d93a7dcac381edef762f33134a115a30b447cf289bf4ee77aad8112,1,1
834a5b2f02aa386adc5b46a7ca9b040b462894da11e2861edb9bcc77396a620f,1,1
8a1c82746964606c092e1d61d51550cd754440e0f419868ec4d992685d75acd2,1,1
4e248506911bed56702d1c9ec73db09710667c27e153046d2e918d347d60c218,1,1
1fa779028f99ebc5d376e3bc18c4bd29dc72f893955d291532d4232bf4182d54,1,1
e322295f3e6a922b6f3c5c8fc64473f8b338f366ea9f19d7f6d584554f049515,1,1
8e1d29c3c61d81087b223d86a7df6366662d85824e2429f8eb301d9bbd7f857f,1,1
2deb270cf942fe63131188847286be8f2e4cdd7cff33868f47018bf92a5671bb,1,1
7c8f41fdd6d5ae445a7419aa6a5ff723380e1b45630670baa46ceb21dab992ad,1,1
aaaf2d076459d52fe0bf63b6b10c28135f84d40e18cad208731bdf382e6af40b,0,1
466a405f3234a5fa8efb5958069ddc34112f3bc07a765b3cd046f943c30ed9ec,1,1
d4cb2901781557024bc5862488d261a9326ef55bd18150a5630f5fea4d176bf8,0,1
2018576e1f684ca047ed9a66ed7fbf74b6cc390af1d83c2b997028e7aeaead05,1,1
f3146173c9ee9244ab9f7f10fb7ca85fdd2f80cdf3746c14652b13388e92729e,1,1
f4a2b50a26cf4573a2f38843d13207fe1a928f21f1b3a4677fec1cc41d951fdb,0,1
be9795c1c7170e0df8588bb1484054c5ee5f047c24491f25485389fdaa46f630,1,1
b0cb2f689e604a64a694e2774188b8ec9ff427c041c077cfdad47650f38d3abc,1,1
1066144bbfbf5b8823753877559abcff42c3e0c23ee7cfe24abae9c3fc5df275,1,1
304f3dbf9c13b49c644674aa155200f25d2e6c414888069ae759c3841b1d290e,1,1
7358442536d45bfd914fbe3da1c0f470e5a0546bf92c876dfbe295270346b868,1,1
08337f616ed13d3fc2e88985cde48cae00f21dd16aa4d28d6d3de19f99745e86,1,1
7e65c8ef76b57c63961eb5d4c782563f75b16d63be92038e60869f727b4c7b2a,1,1
42ac98459093ea30463e439f1a7dff6c4a468ab7c424f60562b9e87cd23e79ef,1,1
1dfab2c0e90eb354f76778cd109b8fd328351fe2dd8a6307bd4385ccea9b84bd,0,1
26e60887a1fcaa546f27fe4a0daf243fb0e2cb99080b3fe4d6fabe8c8670fc0f,0,1
04d5e8403151f30c0f62aca287e64a0f41d68f9c351c7a45c173a80c3149a8b6,1,1
fcf97019bcb04de09d532b20a6012320a2b8d050c91e31b29869e2c8a56eefa0,1,1
93dcb3b39a8e34a9752cc39f46dd982b02c7125bbcfcd62b64bdce1d15b63c10,1,1
fbc6311dcf8ae504484d7342795aacd719eb82cbcede1893f0eb261dd836670b,1,1
f2943d8eb3de46a45e90cdf6fd98756c44de7d05936b3bb2b6390fa236613c8a,0,1
17c42a511f3ced43c7b31d652cc0bb10926457061a7ab6584643c964c9fffe5e,1,1
4cfbe9c71348fdbcd716f0dda659a5fbd118a7e74e7c0d8f2a699e8abb82b25e,1,1
0aa3cc15b53f4e0fe81a702679bee7acf60e1ba0820a7f13f8b90ca67bec34a5,1,1
e1ef32a8302a968b99f3aa73ccbf474b81948d5bb09bbd852bd5503fe0e2c96e,1,1
4653020080f6a52937d76116d5b03bced31e31878dbf3313d18f6b6f48acee1c,1,1
eb0f37bbad01c0306cc6ae85727c11a85b56730430975c550b5814216a3129f4,1,1
557f52bc1cf0664018cfe5bf476ae6ec54a279fe4f4b8bd908d4520f2e962cb4,1,1
b27cacc31d1ce5b19b86a649036e1cecd48203bfac28488dc69f4fe30146c777,1,1
6f9de9dbe1abbeaeec4a71d00bdec1a65b1b032e375d7aaf8777237d1a731bf5,1,1
7682f7844ea69d445e4ee613dd0c4aeeae3f83c9c8602aff0cee69437b95a9cf,1,1
413e20b7222ae8176ec67d17f754da11cbf59750c0269baf58cdda58f0f9600d,1,1
472f441cd6195f2b1501a169a5f66fc894df348a57d253f6439aab057a367e61,0,1
2757235e78741261cb87342b549b5974256912871887b7c3f2f22ad7a9d53f78,1,1
1a71e462053a00040fb713d02ddf9ec493bca679d570b26bb2bbd742fe734307,1,1
bf7e6d4833abfe816cf73c087ab869ebfa557867a4fffcfff1f73fb5a76224c7,1,1
2b2153464e983cfeeb382d5837a0be807a5dce1c0620bb881ee1e7f83e5f9ae6,0,1
aca1b49f0fc52ccc16c7f4b261c5b36e9f0a13f5ca6b635e4f2db6cfca1054e3,1,1
907b73624adfcfe75a358a02d9370d739d685fc3a4c7ff1fcd665f82242afac8,0,1
df0f2e5d1b68fb3223530ca7490c6c80ee7a6c9db912fc9e99808d5862a7b821,1,1
494c61005babaea03b244c5cc03d87999834126f9f0204f51cc1e4e0910f9507,1,1
361269d8c8193e9222c43ce235d39a4c060f8bcfcb7ebc93a490f7cc727488dd,1,1
ed98228b1b544c36de6c5f8678d9ff60df54b05ebd29dd8cdd55b32486cd976f,0,1
a3c7d0e591018c42adfd60cf4e62b31343aabce839047a0a04a50146ff9b28eb,1,1
03c3c97867b1b304040972e2ba9ab1cbc75c2739e24509aabf88b167c93d8c67,1,1
1ed5a8631e284cff7923f00daeaaf3730de73e42de15b4eab9f943fd1474175b,1,1
9d3096320bab8dd94ab340e4ea349026425798bf868c3ce97a6de260d1e5e9dd,0,1
807ce589582d22b19b3e7bddad3ebef0e45b3be5e6b2e60e6b46cbafe2c36234,1,1
b81381df3a496818fadaf8840bea02e4b74c21795ff41365767a82fae2fe79ea,1,1
8f8d278004984172d6e8c060b26ed80b600426deee47704118fd36a77e7437d3,1,1
2be9c41fa431dc16a712859a8bb74977d11ad5abeeac96b52ffd77b754347f27,0,1
76a35d657c804a65cf44836be9c586e82d52e3e79eeb6a634800749efe79a147,1,1
3b5c318c1f9a92ab4a7a43c7c65d4a17c51fadf8af41b7d359a9a490a5b91038,1,1
091e4e636b05c355e240ad2f13849cb8ac58e9a832a532b2a78d8313e2d3ac3d,1,1
a68db5e9c9eb12ee97799c2715e9eedb2eef165168b40be4c0b250dcfa0edc58,1,1
d6b100944759a60124c9c998ab4876c1ce658fa04d2ca20a0bfd4c7e5e0c7d84,1,1
e95406f0d976bf1e1bc33cf5c3a3e0d588f0a540a303bd0d0ec9f8245c2059d8,1,1
a07d4040ad099a6bbf0f61b5562b65d40c63d60538d7b8269df6653443ecc03a,1,1
b8160ed6468677514af2a7453b0b0ad21df91229daa626dbfe0b1b66a2dfe684,1,1
a38c38cc142552f5c95c4eeae1ed6699b193e105d39ba54dbcea94d0a3be8d47,1,1
32ab4d5ce4ad9cf8f584256540cf1a1832837ec04df40311dc0572d707f66a59,1,1
8519c3dc3fa1298e174f7bb61102c0e82008ad563aab4af4d473b98777faffea,1,1
750764b93588a962bda3e69af2fe8f60be56c6217ab71fbe53bcc79a68b403ed,1,1
7470a4aa66e9fc0037321ba1e80d96d06e6948b01056b913c79f50d53e748d25,1,1
4425dbe6e48a5e3b4d0237f8e44e38c3792c6c8572b4b85a4ba6975bc02367c6,1,1
62ec4c9cb7b7d955aa855f13c97c5bd9e1817f2bd5ab1d43d76bdad23b766c67,1,1
1ef1c0291f852307f35507d510a745616dc517b557f2398074503693004e20e9,1,1
a34193461296d4fe82318a7f581ca229fce679b32a76bd64a050ce39b4acd7eb,1,1
c6ecb8fe51237ab1ccfa98ad3502ad1ccfe7d4116584f54cc95e36d5239a9043,1,1
610bdfd40ef9160d63aa76f6fc7dd4ac47df8e3cd267670605751f2f9f5c65fe,1,1
a9003aa51386a2eb47308bc6c8b3e97d7f11ef394c89a7f50c7bffd8fe256eb2,1,1
e72f52ae7f19829dfb724452d7b38417ee12014e4da7914bb763122b15873a36,1,1
81e8d6373b530e0b3ed709418728c5a06670d7c9b8c46acb6a7563ca4732f26c,1,1
1238587ea3d45b09eb3d92cd5bdf254c3e55e05e48727573b2ff3c249e1b0061,0,1
cec9a2f3b4e377899ef7616564990e866b7fb255f9aa6a81bda2a79b6e924dac,1,1
6a7b94ad702d60e074d792db9babdc55e59ed4cf841535b1e70ca011cacdcb6e,1,1
cc8a60f00038aaab845739314981f1a4fc0130e209258cc59db39d21c6ae2fc8,1,1
5c079ace8b9980477809b31baeedf3f38915c727d160f6db0763f003c5c7a2b5,1,1
eccea53029b0db46084c1811f816c25063df25e0ff2465c7fbe7ea4b031089d1,1,1
a5cbdabdbb7e293a38e766caa340731daf45f8a508aaadaaad67fef9ac000339,1,1
bfa3853f5e16689118f060009ead171c2185d9a3674c6db784a5d27e373c8c6b,1,1
7e7a413d0106c486b41a25326f17bad29d6937889c746e84fde861d8c89729e8,1,1
574b3389e34ac1bb320a9bdab7d24bb5da4b34debb9396549c76ceb94161cfe8,1,1
a8328ed96cbbcc8800713e3fa51f38b1856cfcc7cb14ade3abb5351dd49a4ea4,1,1
8dd2597f30bf7301de92fdc89144ca9faf08d2806a6447a065912daa48fd900a,1,1
1c4c86c04d57019b5d248367c3c309980cb6287a7c5d38ded5b4097e48b256d3,1,1
cac83fa1be00dd939c9fb801ca145c92a6e7d26a21bf17adcbf765b12ba77398,1,1
acb0813822a0b9d5594e9df0bf2e4395a1367e0ede9e782b5967e602e9e24cd3,1,1
fce229354e6f24dd2765e4cfbd4a05f8e3dff33dd37cebfbd606a976ea4a3888,1,1
fd5560e248e049bed845687137f09317cba87b80b767197f2359a8e12d5b5e73,1,1
915f7d069032faa7ddfb881fda02ff4dd94467455ccfa85e79d38abc66279f02,1,1
85768e312570c807af05b21092e700dcc0acb6215c20c033ea763b678f03d96d,1,1
dfb66a149d7ecb12c0189ab72f7e6b56a628d8f720bced4f254a31b241299e76,1,1
3df1c3379831cae283db78d66012c7d8ccc51f7c2a675c671da242b6d63d7d0c,1,1
9124e70b287eb3f96f1118533864a0bf4ceb24b6e65e620ab0d0c2af2ebc6e7e,1,1
b4823e7fdc34313aef0009d59abcafbf01fd212808d95f43af24a8e30f031e00,0,1
806431e648dfb2b73f54309430a803cdd02518c5c0157cd8b1bb095dd19873e8,1,1
fb125550ff06918355decc50ef34ce6a7f9feccdb90290385feea44de6d42224,1,1
194fdc0b48552dcd2d5129bb85359271f6c1274266d8eed7dc8deb2444596d1a,1,1
c3d279d868c63561bb66a0dccd3d0195e4917121d974bf26afd60eb8fecfc6ae,1,1
2398c7a565d0031ef90347597da9203b24410c5b3d5dc8d25bf13b7ca9da8012,1,1
4de26692cfb0d42cd0bb6422999d6593e4de5eb90f1ce840c88c2238a6a5c7e1,1,1
a7ea01407a1b1898a7b44a3760104a5a7f2b954ee7a7ae0be905bcb4c464c281,1,1
3b83cb2fee4663aecacfba845cbfcc8d98e2fbd93c0921f4af0c9fe0b0bfd8d2,1,1
e92fcf0972c2a2c59ed1d8c03f489ad548378a0192d76cc8f2a5159d3292727e,0,1
62b4ecbfaa85c5293a149288691f89ede789ef99a53ed369f1b75d4ef58a1dda,0,1
fa5079a11a09b8528a5919a1491c5b171d7441c48f37114f3385c7d09e87a56d,1,1
d83efa0885a97c1919eb733cc90b5c38dbe63b1230a4cae927fd81cf07b4add4,0,1
ed687b26523026d454d5eb78ca77185f4fa4b401a183d416d8b2927108a10906,1,1
2ca6c7f22ff2ca273dc93fbe8e666732a0c807b6bdb4ab2620d915ac37f9d59e,1,1
d9ee5a8b66efe337486c55bf7878ccac9b5a7340543c7317eea5d2c7536f37d4,0,1
6ac72f0b5ecfa59eb2847c1c18fc1f1e3727ed4410be2a9c45b3774886fe6b5e,0,1
d0b10f9630be3604a76dc108e8f38782575dc1d267345df755a0c80d537501f5,1,1
c7b6620d887749ed577591c886ce09ce371bd40bc517b00e66a6c34f73e60bf3,1,1
a6be75a55ba58f2c269056a5ace8d2398d3eb1578ab02b43129f41e7e5ffa060,1,1
6f7b68947bbec21208e6b4fa103dbadfcd1359837bd124e5de048ab7ee85c066,1,1
ce334c01efc45d9d6927f257343b3b28cbf67ffcda04e2b3dafa3f28aeae9322,1,1
d137b4a6a5917025f7401739a52bcae5fc462ca84308a7843d88161f03174df5,1,1
c38cedff8449a6c1724403a52291b6ecba524f9a5e190cd5c1f0f15793d5828c,1,1
48ff2e3086ebf07490078d818578f522848993af65487b20d394b60ef83f0386,1,1
f7a21eaf990be38820a2150f2389172d7b6b0079128e8f703f719ca6cd039afa,1,1
6525fde79267178707bb0371c2f6222a115e48297b86358f93d6dd9f2694623d,1,1
e4c1a8770ff01fac7ed04fa3bbb19e6e950a4bc5b2dfc73c63133a6f255b64e4,0,1
04b7d3b124c6fe3286821e79c9fcf2c4a9068cf6137853c97936fe7fbc272bfb,1,1
4eca926797e2c9a9075989d2a1ba9a28090fcc7f56b97c9788bf2454d375a831,1,1
092c150c45803854fd959bd57ae54fc1de06a901d190847b41f961f8ecac4a47,0,1
4f4d6b22d608d05ed2aba045a6087c1396c77da6259df70a2324b571f7c5da24,1,1
0cd50b772be44f60a0cf200f60a73d0e1f25b239b02b6053b30c5dd1a75ae66f,1,1
4433646ab31823dd952a55dbbbe34ec039b36e50d5470285d7ab76c270640a56,1,1
0a753c6fc1cbec271ab69a3ffbcd4fe57f52f4228b68831eaf1ef9656b82a1e8,1,1
d31c513003be331850ff0650a45167661493bc7bbfe3ca938f2499bfa57c3c35,0,1
89963d9e88da56827a45557000e75ba11bb3979a9286dfd9fd5489c8cc81b082,1,1
bf81dfa1d9cf7331344c4903c9f3a5ab90fc935558a8cf4d1010322823643cc1,1,1
a4638a65a5a19fcdcd88f29aeaf423ad99f84d1c948596395dcab3004ec7cb09,1,1
d9a5a133d5cf34188f20fc7f8d619eaf54b6cd48ebcb89154d5d8543d961feb0,1,1
bacf68094f6300be072186fad2a6f3cb1b946c6a361e91babc8b8d431a48bffd,1,1
cb5d3f8c0ae500d10984e9abc95842a1cef67a0de20fd6feab1887fd13d1ae8d,1,1
e83e1ecb3cd5c256f59f9ad34bfc95c6ef5b4081751b285c7fc55a80feba1eed,1,1
4c77acddcde24395cadfb43baa0593d942be0b9da5e833c76165f8df44a2628c,1,1
2031098b4cc3c7efad2c4d3061db1b1fc942d0a1434d758d715f324d53e37730,1,1
8196c54489ca25c4e173b2a143b463ab42d94734a9c5ef07ca9f6594b2aad1ec,0,1
c9ce5b8a41225778fa30ea7a7c110ade32005bbdc8be1f5d83bc45119b4b9249,0,1
d4da386f27fe9a8c68394062f27f1cb0768f281bd3ffe39b4a9b3d9310f57d15,1,1
fede82a3e8d22c18d88fdf5caf7d68895dde92ae96973a09b71284252fdcff59,1,1
e27215bedaa5e9561440f7da6e1059fbb79cdac290b12814cc7b5b6aa7703224,1,1
66931563d9546da76302d9807c089c4cfc3f064613f340036a46450eeb29b345,1,1
5ff9e0a4b60d5e86c93fb10a434396949bc8fc0e501fee1fc00ffa2d5a5e3ab1,1,1
8c86b65e25a78b7c72c4d4a92aecf5767ebf5c1d77d30b52395d35e01e6a8cd0,1,1
c0ea6331b1c6dc32d0e401c2f32875867f3bc04c3f50903cbc36cb660f4ae8c1,1,1
ba17f2a36962d6b3f40b534a8097f2c7f3e0cde397f4c60be194146083ec8d8c,1,1
74d0cf4a5a6ab372e30b30ae9f2bfdf52d2ca5b922918204d8b3e49595fd4dea,0,1
8dfb9d8f76083b69b40a6c8e18c57032ef9ea155d178638e8993b04b5ba34b87,0,1
6ea2791810fb55733efce89cd88a67cbe286858b00a60314dc3232e4226977f9,1,1
5c7dda2d493733d11159b12be2557a7959a77c670dfe15b77eebda217147f5e5,1,1
cc21725464fe236d912d54dbb828725b608635f5d5504690046d495240e12ae6,1,1
e56ad96cb77f60cfe50d9164a1655ed517b2fb3c03640b778049a134c659ff45,1,1
3fc88fca0cda1f6b7558d4bcf48d9cc4ebfd16a48f0793130a4a2d87ac5bc6d1,1,1
b2913dbf51fa52fe6a14b4bb0db65702d8ce1e7fc1d66ea92f3f298ca37fcd3b,1,1
e6e0e3885db83bd5333e33745646e867f0fab295fbd247d24feb3d8f59c25aad,1,1
d511f59a71d2f650d1b0145b05deb762c8407b7789cb6be522690a2cc769d844,1,1
52e9eda24236f0842357c3bd6fc05d4e14143f0a6b50e94bb841b4746a1bfd3e,1,1
5d3bd24380bf0246f7a78d052a9e75de0fe552f5fafb29241b6b50495200b745,1,1
58da8a5b5abd1ee3caab1685782ecba46eb721c8eea09743a1096aa810b187b4,1,1
f081cc2239f07ef9d748027fd07f35fc97bfb9ae6cc72ca317b13d118d168d44,1,1
9fed55540803e47cb3fbae3d1bb12b0a2fcf7ace70f0e27a8a4103e83ee7880f,0,1
e5445dd25c14cd4c569b67dc8f884a197bed78b085560fbc2a1dc0fecd99704e,1,1
b9cb8bdf3a4e99d5d62b9dcf147e704f7a582ba110d7a9478a0d2ca265481b51,1,1
7bdf318791c5c5b196d9033f5391f8a2aa1e422b69f073e897e70e4a1dc927b9,1,1
5843018ab3dbfccdf35ee35e526988ac2b900f59ef3f116d7dd2f3c978a2a6c3,1,1
8b6ad724b92209e07bdb639e3160022546e80441e2bcf79ba29f12ce264edb3a,1,1
81bfee1466b9cfc24fafdfd795b39b0c3e9aa8bfec7506a92c5bffaa4e42cb3e,1,1
e5aa02891eb3d5f4a7bbb83cdb5d8da44063bf0e08bb5d22eed3dc6928679c2a,1,1
96c8771fb45f19a1c8d01ad6bd5f8a874f12a8530816bf3f1fe1b8d6556e526a,1,1
53c7ffc8b114fcbcf526015163dbd0a827d53b49e4d7a1cf5ec0c022de2b8632,1,1
e7699c783275685bffe4ceb994ca208d97626888fd667ffc89aedf8ea3e21d4e,0,1
774e170832ef6047b2b14203962fe93ddc63d4222ce68415dea1689847952489,1,1
409274de076857dca9aa39ec782a6a25a7374884d36edbbe683a39d5dce810a0,0,1
6c9f095c0a80e42843d4cff26e701dbe3ede9fac356276e3ca44525ebf0be2c1,1,1
97b0d2881b051e5c7a4ae34aecf2b1de5e2053f10a3f33cda4bfa0ab7ba92884,1,1
28634cd1df514cfd276de70d3cbdacf97a3fa06185228c56bffb3960d823b79b,1,1
bfea3df08b4a70a9eb7db0e78a5f20d9be9405ec81c6e72cd5a0b2d31d15a4a0,1,1
a32a37388c6e477b194ff0b3bdabe88a7dafd4c5f0fe871c3124de9b8b53b64e,1,1
c02871bb9d51ba539419fe5fe133a76accdb95e21dc3e884d22762f6b5ed363b,0,1
445b8531a6ca6a9d6bc299a81c0122730002f4891c5e5e524275f7cfc70c1e03,1,1
63a6c909ca4506383b4d7679d6d6245af6fd0e2454e96b7de118808b692e4110,1,1
bc34c81f35c065a339bbdbbe8c1aa7a4ae83a484f8f8115a9f434584da77c1c2,1,1
835bf03afbd17b7734e17beab74a6237594b9bafd16a55bbca6c352fe2607c52,1,1
2af387aafd8b6b22d72e317c7862da7c97caf385bb4e881e9a5d9c01042be3f7,1,1
7f154fbda6943d67684cccb00b2c8fc8d5c097a94c0098aab33515ae93fda5f3,1,1
9c8f6f8b5a816e157d14fa1accd3213b683062ac2b8da6c578efc188a27b0bf5,1,1
d0a932f8e20e7c638b6d6080bf9e2b25ec5cfd0375356fbc29ea7d72c48830bf,1,1
4b79183d18252f1fd9e8f58e16daf20bf50a645d859e2ea545d4e06ec15ccf83,0,1
9a61a3079bad2786c5ebea707473ca0ab8fbc504c046272ae936f81bc2110460,1,1
abd27d94bdd7d9cf79b5939f80ce24b472421ed5346fc2779d2247badc0bd875,1,1
92e96e15b1bcf5e00fca169f6e4fe78aba7f4e6692af38bdcbcbbad6d9eb3708,1,1
11c8ec400bc2b952671cf954b3b51d44741be8a042223fb6c18270fb91568b5f,1,1
d4068e286eff3bac4fcd008f6601efc099520b824f0b18f11c506d3177bd6378,1,1
71fd7eaf9eec26e0419d98c259ae5424092de0d0c967132d74c398e8324941c7,0,1
4feba7ab92d4c7390cbde58af70f6b5c3a606e1b35650a080c15e1b120fc821d,1,1
663aa0e195ad7465b1374182861c88e741e2c679e4c7fee5b6e0dac4fccc4923,1,1
1ceebe915970377bf36c380c98ae5b976deaf87929a43bb2796b32980c726f75,1,1
43e268b275ff36874a7db70dc77d79170015040a35b160fd252bb279d12429e8,1,1
4c0c2560b84d5de6205c9e61b359f5eb9d02ec726a87533e2b6cd48b666af5dd,1,1
cd92de22c983d2437e48f1b61bda7a46cef68f8c10d3e47e774444b86335b28c,1,1
36ffb03a843a2a46d641b942b9b597852bb6b759dbb76b1083ea064aaf9d718b,0,1
11b3b423e84f74e1deacf132b55d35bdce028ff25101e0f8e8ab52bb6cfe587d,1,1
92a4a485fb377017aa839d74b660b5a00d164c460ca36ab8aafac32908ef6611,1,1
e7fc2d301fb7fa36aef3a61f2a5bed26701580ee6da2243d642a89ad7e2ac151,1,1
7f61290cb543d34c2699527c78cf32df07141d9360e7ca7896c9277b1f770aad,1,1
59bc822ab008213ee6312d4f4175b17438335f53551e9f9e988b9aef5df3e9f2,1,1
f4759340497a51211059e2263f4fedbb279584865d315c50244147c28a16442c,0,1
49869cb97b8b4aafb44679398e34f227cac03e3314469a3158265c48408273bd,1,1
73af86445f711e25f34856321f7fd7abeadd923edcb44c4c15dfd68dfedaba9a,0,1
36593c6aaaece01ac6ad5d88856d6fa556e77cd03185fe720ab87a268bb87b8a,0,1
c753f3289c0323ec4b37fccf174525cd9018c04eb9f78fdb9cb9956cb2fb2a11,1,1
0a52034b9868098e28f35f3188a4a9103ca69508a7df0a09ff6dd543d596972a,1,1
2f95e4c50b67a50353dcc3f100c7606463d1d9153e36cec08c63d6fcc0857857,1,1
621558c67c849c9157091c7e2fec8b18fb9a042c73fe7a233b8c9648b8dfb5c7,1,1
fa5e3d3da2c1a270970005f23a15ad9d5412a9515fa28317c1e7a78218ec6bd2,1,1
7663f8f14570c358d93588d68c7b653cd94af831a3fb0514855faafc427ea0b8,1,1
84716b0fe9352405b3f43da8cb1e84e537a0024b8b73d88c6d0fbb491be279df,1,1
d2f594b4ccc283a5a313dff112216eb2fc5fa7b23d2281369ff59d051580b08f,0,1
22591972d482690a9019c252cd2cd950ce7d84ce1d17a1cac299e6529a2e73c3,1,1
ab5bf9a1f49bc660dbf59987df71570fe3dffd9654920b32157a784cb3081cce,1,1
d00c7f7635a99d0af8d96cdc99a33a1f914076ec9494f95ae23df2877efc0124,1,1
e63df19a0197ae7dad020ee85eed22c98f030f73d8c36c1e1ecbc4036c211990,0,1
9e1bcdd472a39f2b8e94e7868f9e42967328f6d29133f0f60195fd7d34fbd8ec,1,1
dc0e26875ff7e7aabe5b29f95c9c38cbbd05f65aab53a1bf6a8fd9c521a116ca,1,1
476fc051e201d6cf3700829b0749c9f97e9a46fc5d4d4870425728c3a4f1659d,1,1
e95388f6050a42ac758319ee3f6c471e82500e322592bdde3b131ce86f184116,1,1
5323ef42f04ff3d4f5290ca67b13ffe50f0fd7049b6f9eba26a9a3e991c6ced5,1,1
8042a99d2a1ec43387b528cfc8c9dc5e735408526fe0a12df6415438759bd272,1,1
2fd7e31771f270d6dc5da636950b6deb3e6baafe7b6e02b6b03cfe6a85c83c7d,1,1
5154fd736fe7543e0d091fe20afc8c19d26996a8bebde57a002a3767c97aa53a,1,1
b164a56b9d45d474ef075b4cd2a751314d8c5013e9d5655e92baeca1841ed8c0,1,1
7b821b73a96f89e5d6435df8daa8a18f3d1a5045d3ec05d99013873e48b1346e,0,1
8b39314b1a0567149809df74e7a2a651396b2d1a166e788ff7a1bb182fcb1997,1,1
4b941136a02ac25d78734603f549aadf1055d69837a435f78ac486e23ca1fb21,1,1
e1d1d0285ae527f9e0eae7c58800a736bbd838e3d49f88ef0f41d1a8a6589918,1,1
34bdefc68723ca9dcbf4a6992d4f84ef5dd3c8e95e5aafdc5757eb7342b454ff,1,1
85a4c3f9450986eb974202f83d2f3180a383088a71a2411d7bdf0d92a4cc1f11,1,1
407a84734aa2a231a69bd4f130547f0b59e466e92fc34a79ea771e180f4a4d77,0,1
60a1ef029006d3d8383eb222562f0e17d6b579e2d03a002b8a84d9090a8e720e,0,1
71e098dc0851f670e52ce13b1584c5da079ed2f586e0e7d3e6f91a86af5966e9,0,1
4c9ff0bcd2641b0ae21f4a01aff5f3e9c715ddfacfa9559f1e3fc8ee14796c29,0,1
6ca64922fff4664eec29b11d459ff5b36803e16add5c696fd0042a74d0c653f6,0,1
371227d4b46e414e888f040d0c87061aba3da788584fb1084c93bed3f665afee,1,1
526e2f27f00ce14207e456bf197a0a49f4221fc7d819d8bbc0a918535136ed69,1,1
5c4306343d8eac9482c6cb7c646773bcd4fd057504d3d9343848e7b95eba877d,1,1
5d1a9509a02741324abf34d966364234968f855e94f76da32d65cf6bb6baae9b,1,1
5da998dd13b1c91a3ca2aee6eb0dc776bfa0b0bf77d5f90461abc3aae4997d26,1,1
0e47a698a99eff3f3f626f3df7209ed6320170c1515c579243431094b532906d,1,1
1fed3d646e769b8f18ed37c9c7a82cd35357c9423d198e4ad3407f9feee28fef,0,1
8a9373b579f09cb71a7baed512385281ee60714534e5c809ca80b8c02db05e5e,1,1
154ac3e9831366e689b68950b1722c7be85a3ba58b90800a2ec83e9dd2661855,0,1
b10d3a1128994e86790237ff4d8519d5e1ee4cd5f2c556aef3f4e997e6cd0c14,1,1
4f57a896e855af8881d977f5e0ac6fe40c2c4765e3e35d07e07c7769731e994b,0,1
0857fe22a4e00bef734cd60239c3b53a86839139e17380dd6363c145588de997,1,1
670a8a0ccac93395c7deddad40c173fc8b8fe8d7c51ea2c3fec9df250449b262,0,1
ac0d42b198531a6d4b351e943849f872f2f6bad394b1b92dc21590f21a721a86,1,1
fcb478920778b3782aecbe9f0a88668695fb04a3d03285335fe8eccbdb0655d2,1,1
c459eb1e34a40771df38eaa02a84d44612021bd3ad26615cdfee8aba46ea2773,1,1
0d6948b6b7f5d237a05eaa0863592fd7fd589066d303849b7b7455f5a0f0abbe,1,1
b8efffb37f66fb4224e6ab094b86e3dcc8736f9da049aa804f1cabefc12e1b3a,1,1
f7f019d4f2aec7cb03c4225a2af1105378c4902978c56c78e2132df225eebebb,1,1
2507055bcb3d528673209b3a001ca2e7546e8434c7b66974e907c02ad2397d41,0,1
fb441214cb444f465b48424344a0bbcaa59a2c9d89f28910ca07f37dc3a3c044,1,1
2def33d9e33e456ee3b9db2e8d90a6abfc33a086a6a8155812597f733544422d,1,1
2245af28ac44bdf2541f5e8e5ab1c8b93695e507961ec9b057cdfc838db4d72b,1,1
ee2cfa882d25f567e7800b954c2b67d0b955d483d6e2e8c6d0afcde6cf3ebf69,1,1
fee4e08d45cda45e6d8ae8ca2f986a687c26b706bca8d8d0f35314ad82089bcd,1,1
9e80aa3044196a3e2beb6c59ce403eb21416702cdc1d2fc02aced6627dd79559,1,1
d0e664f12f0c3098a508da694432b73d44d69136a6ce70c6c5607908236df0b4,1,1
d90aea3ff79051f30d6f80abbf933f40f3b29441452e11d1aca9d4f0365a5028,1,1
5d48b8f79857d35eb76e0d0bb04caa201b644a6d4854b574ac77bd06fe1d5f7a,1,1
d52ad26fbb0a6080bf293ef03aa205b04354ff42c0c3e2d65fc31d5eaff35b7e,1,1
e08e398e340a1be9f4d2d6aba2eeb4da56815d15fdab360ba4baa374cac6188f,1,1
97aad9a007860f1fc26c209746272f55513b95617418eae6481b154cb738cfb2,1,1
6b8941bc36ad34a0fe3534fdf34ce92fc88f1510e1f3eabe9c456e3bc2bc1309,1,1
abfccc56d12f613f93878505d1e4dbfd8f8fabd026de178f49a35743e570f4ea,0,1
b073437aeae382158486ec7276b738fc56c72d574cdac5871cb2a908e65bf3f7,0,1
2073531111b69acce6c0e62b3d9ed1e61aa7b1ca1a6df82e84e35d1a01fa458a,1,1
d4af94eb4ea2f310e60688d184e975180f8b7185c9f2ab0ba3d9a5d08a5efafa,1,1
23f473de35a58a93a625f1b314045276af65473b547cfb4e01580a1041ed3bba,1,1
f9e7b9f2b0ff64c427aebfb43a7ebe651223082e9ab1a1fd9900188fecaf3483,0,1
32861ef0c8f2930a36b9ac20100b8407d48b1681e164896ac48acd41fe2f992f,0,1
2c4ac4d00c764f786ccac4dc9c744171d1370dd618e484edf894d980587bb664,1,1
7e2f27694ec9e9dd00bcfb0be01e4c2c26eab871b279ba672511f8dc3460e0e7,1,1
fbfffc48b85ae189ccbb9dc1853e7e0e8c44625f57b9a112c394058684a1ffdb,1,1
e0c810d6b93ec1d8419fffde242bf22275d20067495adea734a5bf336e39253c,1,1
faad2787466ba7b20bfeb5635ebd6c0b5f2dc7b1fea677b2c217a9f9c6c9f6c2,1,1
371eebe6b046ff2999da6aa9f247a4d4661f1e042f4ea1c1245dcd7be275c94d,0,1
bfd3b431b0c5bd581556133b40695b996a9967e97ceb497c8e1aecd629dc0012,1,1
c35eacb410bd329b3a3f5b2cae74665552c1e552b5ec11c2f0574f6608d03720,1,1
49594c7bca7b533210617e8e043df73ae283cc88a8f86ac338f8f0f164cddb15,0,1
096ddf9343f2c10283ad876941eda3a77d7a88b427ea08a2d51b929aee6382b6,1,1
03e0ffee2b1357203abae1ba45edaa53758748556714e5c039b05af4c0551ca3,1,1
9d118eea2bb123da77080fe201c02df15c66900f35377b857f61f4aa4105528d,1,1
32361a51e1453ee256b4ff6f01e80cf3a06939e111fb0be392aa79f50927d994,1,1
d7154ebaa1360f5e7fb9db615e5f5e70e628ddb95b20758e2b5aa9869476236d,1,1
f977a7cd0a9ffa6aa3841a54ff1467be9858d3af6a0ca248489abbfd0d78f3ba,1,1
64a9de92a8fa64e30b9d4b70d0fcab0392068b18be31b2bed4b29ed53e25986b,0,1
3cb45229a392cb939e43ef855867609c27697f96efedfe234fa3b40988dd3f12,1,1
5fc14ad49fc2535be21a70d54357b269e0c4415a4cbcfdee12a46b2581055ac6,1,1
e326868165f4a49ae45f73e97220c669b7574c5d61d36fadcea5028e6c54413c,1,1
4b53b33dcd6cde913f00e842f5aa96c0e773f8ad556804c8b6c1ac0d18950fab,1,1
b8784d2a3f13177afc8bef0232e43a3265470716a408790bcb8732d6bec8624e,1,1
920c1d97271c1ebf41880da38f53e206a3498101f055209315599dddc1bced1d,1,1
54fc850a90bb124fb1c4a20068fec32598c859ec2da0579d1b2bea33dbd6fe20,1,1
bd49b6b9f21067a3d553ad9a5fe4d15063441dcedd406fbf29a7293d833be325,1,1
43f84e9ebc595d9cf11bb87c6c2cf0ebf14157ae9daa8381324dec35e9ba21b2,1,1
dc33dc820729054dbe3ce9124b28f931ea6c6b3188c9944d504af080b691ed86,1,1
11292d900a5ebf55d66df6529a633315a4f6e6c524215e7543770190d9068b37,1,1
9b07324e3cdf6fab7dc6ee7873952cbe04930a6cf1e12e79894d9f7322ea06f2,1,1
5e6ece2b373f184fde83cd5222ea654ef4a57afd32fa0685b4c92cadf1b7e876,0,1
f6ea7b91a134bd26c26d2d45eda43a30b26f66466c2c5c179cb14a3871c092db,1,1
7d5c505213dabeae212fe139a32a5faaa3f8df2779bf39b808a9272a1fa791f1,1,1
8febf0ae85dd619b9e05a77e934fee8f519ef68ba1dbd94edd1e5d257f5b20e2,0,1
3ea13e30333daa45e89bcfab05e64dfc014f1cec78be9c1f218dd01935428805,1,1
8fb0ca6b96db6be8d2d6bfa2b26e4b917afd34cde8cbc44780a4fd2b242ea5ed,1,1
d5a7cc0aeca928d1864be858e70772774128bc444a8d737b5bbd1e36dce767bb,1,1
34bffeb5170130fb2790b145ddc43d4f5ab7dcb105bdbc1a89f42611c7a0fa45,1,1
e551976c47abe9f3f8b61c427b39e8e67d7c499ce2a7e9ccca10ef911df2afaf,1,1
12251a3c1fd7c9d7d1c5d6086fb9d88ddcce9eb46d7861a0bc4e574bb73c6bbf,1,1
ee378106ecb5e1b957555d70335adb9f8a08412b81961a7234f3afb487b747e0,1,1
67855fa5726a72346edc0ffae3be4e2533e85007ceb7c4a5b0004cb76734819a,0,1
91860ed61a30601806a536d3d7daf1877cca0b7c316a357908396895787067b8,1,1
754b4f7c81612944f7bca0161938816441d75cc0ac651c7ba26f7aa28af5f082,1,1
8abfeec995a2dee911fb58cd0597f50ec0d504c70afabb3aa99fb6dc13369bbf,1,1
7286cbf2bab9cef9efa8d0367e003929d64496423ac1f70c53c131caac949445,1,1
5e5f956f6c4df7db43f0791c6771619e5aa50645227646856d15584b07fcb7d3,1,1
94b73ee7cffc450ca13fc9c94cc41c03a08a87664adc2828c428db5fda61fb1a,1,1
3100a60abb30467547655cc6b95cc7dd79b17b46404cff7d2b25875d1c5ae22c,1,1
c301bf64e07deb4fef786e1bfb87ebfbb99c1028ac46e98dd68ec40f01043a55,1,1
2c67ba3c706c2cd9a72212ecae770028f23908dfd1afe7d39cf7a113d6ae9230,1,1
679d14a4815a0067f42bd4e18357ffcbf0f94c2f7f78952ba8b91e019bf7b3b9,0,1
0f6e6cbf20e486f245112a1976e3a3f98bb16c94cbf5a4e18016e826a6937079,1,1
22f79c276388cc7119fbe0a30a2ce519715efe1842b3221110b615a32507b070,1,1
bb0a9a01dcee4876f33074117518c20ea22898b3b8af12410f325ae62339d10a,1,1
40658860220a80ae21f9cffbd5ad365243f2aa63272bcee43bf991b6f60c7166,1,1
7a34b52225552c4a2c3080b40a19920b65d182375e42f5a32a89bd0d7718b736,1,1
b21615456a0fe0943136a62824d22cc3c841dd48a34b0fc9edea0da70ec27b51,0,1
b7a51372a4bd5058a083eecfa85e981916aa474f346d092942fc2ee6d09eb4c7,1,1
c7fad2e05dedbf812c6c24efe5d3b6a59f9829f18c26a67c432ebdd95ea877d0,1,1
0d0938949cc727a92d1a2472e2fef3ac38c894b0238fd0030e702babdbb8f988,0,1
ddf84ac8c37c5fadce10d71705897f30a469579d7b68052558aae014b82f51a0,1,1
e6ff1bc40917d0332d4595f6c4f6b9257e4b99632c48f6478ace9aa65625cf25,1,1
b7cfc0e872e57ae1cec5bb82d0cc9096caab0253f67ef958e7240c68fb33c24c,1,1
9ca6521be37c3767ed4fc9b4db4fd0752f9019e77783655c194900049d9a4f94,1,1
364002d3da9e08ade98c5164f2511cd0d86df1f2235fdab602b336994bc56db3,0,1
c46a5af99338c56f37f6bee7b8b689a5432152f77b4eff67f64a04413701732e,1,1
c18c365efbbdb07b37d1fe9f020c9253fc8bb352f35a01a761e4f3fc1f83e1b7,1,1
ba02334eeceaaa15612f4439298ee1c4bbcc4c5e237fb32770599697b653ffae,1,1
1b83ef7a762e958a39fa3b2695509b3c9484592eeafc7f45400365825e9efd9b,0,1
4a86ec97ea9a09234480f304d1207e69216948bff2638b6423f5f4611f069b33,0,1
cc5bf2c9ae7ce0e87194ec26980d99dbac960e916d961687d5176ded21d5ddd2,0,1
ffbdff25cc7339e395c4569d263edcef032735be015a37523158248c6795bea0,1,1
5a07c17a4ae36eeed330b8e2bd2c5ccb410b916ab2df89a175fecf7705979abd,1,1
521ed594adb7aa12d037709af6141123d920bf9c151d8f16786b9fa14861cf94,0,1
88462b09faea39c415b73d72ea42e31b2239e85d5eafd28bc0d1f295cd328b3d,1,1
63ae18984fd0994f708ff10ad6b645174c533ef350cfe14552e01e9cc929d269,1,1
b3946363324fc8823bed5a09c431c507c5f626c5b20978d6b74a060bf220fedd,1,1
0a330f1e74fe256b6177246643340ae7693e441e18b85bc456e551307f50dc70,1,1
4fc0e22e872da59d14f91fe502bb345bf2abb578fa163957f72248a04e85d023,1,1
502dd88ac566fe6833a4803b1c07bc3cd2a78b4988111741ec8eb5e629855ecb,1,1
ca543e8a929fa7f35b9c6822476cd9726fbf3366526e20d017727e40d6d18007,1,1
0fbea3fd3af039ca0f9768b7abedd4e3eb3ecb76503f8f742448b0f43386b062,1,1
ce9d7dcd7c13259eb05b1d479ef30ee97d8faf88b06787b9dba24811177e18cd,1,1
f541394e64a7c5339195e5856046946f367aa5fc80043ec4ee7cc79b7fa866e2,1,1
9047d9b179686de07ca9ad91c18c20bc6ddcb0cd230cac8b2102f7edb1695212,1,1
8d3ad97677960ae452d046c9b971b0497f867748047810a0ed7dc55bccba2a40,1,1
3641f67c07c2b5c32ac1a079f4462949bf295ef393ede24daa6c586715390656,1,1
be199a765c96bbf206d6ff2ca3a6c815f2bf9ed2b4c5c04441516408744147aa,1,1
70f646283e4d819601fc9e604e38d1ce7f6297b32d9473d05f0773f8604017af,1,1
97f9d5e876a08dc5177ce5c91e413762c6defdcc6af0c2bcc16673f9c14a2997,1,1
0f2978aea440fbc5b85a4d458d71449fe5be6729bda820c5a89d4abcb0c1625d,1,1
ff56037b47d8c1ec22c97e1f0300f2a6c75a0136245f1e6f5102333eb657f46a,1,1
031f20139769800b5369082ad2cb8cfed829ad592a6ade2c574afa4ffa552a58,1,1
58bd954e26e3d021ccf3f798b3b7cbfe7125733fff7d01db6743ed161075b031,0,1
eabf600e73dcd779cdd8ed099d0dca1f9f58b75723d0ec8798dcc17bb05d2e8c,1,1
d733e8817faa580e57ea00302bb70f3178ea644629c81751df8a8b27d7c74693,1,1
238c4e93bd6928b394bfd01e597315320e6ae7fe5f2ffd9e81493b801e213ee8,0,1
14dbf34619616d9823a3a6f725b301b2faec8018658ea7f8a1de74c308a0d7b2,0,1
f74f78be48a414a35002769edc3e905608cb4bbdf01fa5e671639cff977fe8c5,1,1
3c0fc2106729f9fcb97fc392615e6a687a5274a063a529ed59b1cfae2043e505,1,1
a67a307d76f32586ad8e062eacf7e1760d0e0a9ab05268197277863de9c007b1,1,1
2962d4acb83d736433567b71579de53524736b150c646cfb9de075a7bb121701,0,1
7495c9367af6d40cb658753e2dea53ee0ff4849a7cda455862d03f8352e79acd,1,1
ffca392a51f9f99d21574752169d42a0cd306e81b5d2cfa909aa7557018f256e,1,1
9c17aa71719c123467581843c35fe105c4bee2ce2325e728b3db7fad49c660a2,1,1
b5b64728cc0d35e4ee3ecc09120a9bbb2fc50e875ef17e03df149d04e3b3dee6,1,1
ed06023bf9af1e11e86560c223d8fe5faae02d84dd1779dd7950acf477d7fee8,0,1
46161852ad5819e48fbb5a5f8b3edc3f339d0f7f3221edab80cd7e5b45d1b9a4,1,1
fa02becbe815f5bd4baedcb5e1582fd22e3042e1c45ec9e7ef0b7efae2b4c5cc,1,1
637f683799f59e9e1fefae17bdc415769e03ba8052d9687003f12288e86753d4,1,1
eeb2b79dd36be95f7ec5b9bb44b0f2e147f0b7574cae103da7a1477609968513,1,1
eebb4552981e232f80a2154df46234f85014d115e969c0700bd96b1379e0912b,1,1
f18c373218005b8b623ec527ffbed34ef0ab30e930ecee712622e52b8ef55927,0,1
67b29b33efa451fa6f3c4a3e3db2fcd072a085a507c1ac3c1f40457d083b1992,1,1
4a31d9738271c8167c5bdd7dc6ea2d60c226f8968a0fc0e4502a04ed6c52651d,1,1
e35b6ecf9256e814c35dfbc944d92da34f5285ba127ef347a0ecba51c8c265e2,1,1
19a966bc2a54c38782875f22d661b3830257f77897e63ff4b489e5cd5018b937,1,1
f56518b6c57713b1398af2b7685b11f3f7f11bbe2ea576439e03455ebdfd9e7e,1,1
158f0e013e3ee4f0c79e7d382f74588baacc7718cc82fb070c690e9806517dd3,1,1
fdf26dd0946097ebe27b94d77f1006465caab0ffec7108f0c22b574c5a0af105,1,1
0214c13cc10bc2498c039735f5f9dd236821237109228b7daf4461a8c880698c,1,1
d65e029b1d2dfae06a5f7acbadcd51a949fbcff2c3c36791853cdcb64c2da01b,1,1
101e1e086174f476494eb1ace1b91279fc42fd57f4b1e62d390f64f9e12b050d,1,1
1f794d9ccfe0775b4a51d91d5185e33e3fb433f567efd0ed827d99bd08398352,1,1
a51a6869df376a1bfb704d015675d83d510b1bb07d9b384c10242774bd27e364,0,1
ebde4e8de308020f5e141ffbe33d9dd051645c7b26a4a7c3b5aa246e4ff1c733,1,1
05f6a4b2ea412cb5b97291926d8bba335f9872aca42406aef824800c37d52576,1,1
4de4853e366416bb1b566f7ba6228625aa9a111061ef86cf6558069f98e42a1e,0,1
1d13a07fec4ccb83b3c8d1ec0168f143c869d071d84415efa56919ba4bc0d3a4,1,1
5a32ba34dd5837f832f8260c79f2136e4b913c65708d19ecb7477d579c309efc,1,1
e725a2ce712cdabd26aee626c0be45512d456af9f602d80fddcf3f73fbaedc89,1,1
07b3a30779de1c7ad95fb912cdb47a64702872ec93cc01f44627690f427922a8,1,1
154f6e64a8677bce1713a79b45dce09201f1df0b147e1b110fea68e2b7dfbbbc,1,1
72b162d18418590c563f60ec9e1c6d6a3edc8136f7684d613a45a52ef7633954,0,1
8e166fcb06c927a09a12b3e4165ff475aa27ada803c9c48820cb120cb423f834,1,1
eba52e853c07b7fcb619babddfda934153f9fc043b7459c8b140776363a2381f,1,1
01600a68a390dbc3e52060359e8180729092190e6ab8bad78043959d42f81e00,1,1
fa3f9844e3acc869d5f7475f9c578d834b565054b2634ad7a0306b203b22ee2a,1,1
2b91205b7e6ba49f2e444fb4377b35abbd14583bc64f247bea4b1a4cd56152e5,1,1
1382e934bc8f3601cf50a9b7f88349cc33457141c4f7f9b8beab583b48649813,1,1
1d812d7372171b601ae0c2811db33790886902a281c4d0ddc9c5e081c7ee8f4c,1,1
f6b49cd6d4b5b73bff0b4363549824e7062767b68fd465d62a581b033f8771ac,1,1
51b49ee01d256eb23199dccb31d910f28b1d7533c3761dd5e5b18c4ba7b91cd4,1,1
273873a366dd9ea31c3c3f1fff3182159e45afdd93f1258997d4a432af7fccb7,1,1
1ea97232c835410af8fd118937f6a6678c32a18efd59c5b53374af9201d65e0a,1,1
b439bd9f99627f09ddc72b3e920f4ddc7570b89724afdad1db41e1cab5b37ade,1,1
bc92d92e6e628dd9ea16d6c2002e3ba27acc311298c7c472c5501a547e03cd19,1,1
95b7aee94b996e2e5db807f3fe6ad9ada2e756778cac0f7b6570fa3c3871656a,1,1
1bbe0e5b48276043311f664de437c70100842fb3404761a3f2ec73fcb2fad483,1,1
c8d1e085e5ef88089357e9a6e090b78cc66d6a76df65d9322ab8be607842a181,1,1
6b0874663ff3a51138ff2aa6503014813b87fb78f3aa3cb0222ed967524a9a9e,1,1
a1ebd57044cec4e542b5f450f90bb11d18e1f370d2bdf12bf4225c784a40a415,1,1
81e5273f453a1c4dbddd7ab857d78ecf8eaa3d6588c6807fe6ead6ec91f0c439,1,1
e345891d1487e54539ac08befb1cf56cc617f81dcc648a7fc5ef9192248cdc81,1,1
e231a927f4e39ffadb7b6fd847e0a6056f8590d583bd3c2cd317a73d614d16ee,1,1
3b4af85b1b635389ce30b24c08b4dcfded80bc60988c03515e3cbc37455baa95,1,1
4529608091adc01f376de506b3f952a953af8e048a37a629d441ae9297dcba98,0,1
2a8cd14c40800de25c5247eac38fed2738cbc5619623f060ee07b0e896c3be81,1,1
adbdf948100c4a81aca73047603d111ae29e23f208f460111d76cbbc34dd4690,0,1
d7088db47bb85e9f2e0e15d4f178dd928858908b09c17dbfccde12cac33b1dd6,1,1
fcb30ca631262c6a880fa51f275615c78a08522bf4fbcd6d8f1cfb34f89ec99b,0,1
06195a28aa0816ae5c11648ff9dae04b0ac2a67cdc690c7b24e970117c93eb41,1,1
a73b6c17d74663dc003025f554e4350e8bdf3afac2919c29601db611070bbd6d,0,1
f80a788a4d8dae6d3c00a5de990895a3b1d144c19ec9c9d7156de5d085e6d243,1,1
13235b1133e6e2f937186b6ba3f478c430364aaa6d35ac2e55aa07c8812e4903,1,1
706253fd411d2058b7078275ff6b33549aaabae7359b356216a4708dae7d5892,1,1
f2e8766a18e15bbfd2777650a149944653a5d636a3ae4422f55c8be964626c18,1,1
bd7d854187b865024819e0e377ecad1f4ae5d9b361b61d4a7975970fd87bcf1d,1,1
d5b8132ec584947b7097d97dbb495167c8e969075a08ee15e5fe81672d853528,0,1
df5ffd2cb31a398527a66ccf339d8c7f156b41769c37c3f3ff31abb35d2fd654,1,1
a6912f52bf63d715f51631e2a987271dc63964a941bc9115e040b9ca8f11dada,1,1
52ab485e7185d4e21d9c687df1ffd79b1db2dc129d1a6504ed56063fc0bb8b54,1,1
43db0af650071e260e752f85905647d7128ce36630391d769f5cb531690125bf,1,1
693f638e3fc3a3a41efa57e06404ff9d21a83ba737e018aa93732240a03b923d,1,1
424ecb07ca1b28b257dd832e6c94337b2b213fd50db1874e21dfa6827a8dada6,1,1
a72da0184d11c673d6c96c4668c17470af30c1a7cf1a28faf51f111451e50956,1,1
8e217fb378f094ecf13503ed63d0f5f00ac11bf4b5964002d99dabfc62b0d344,1,1
26e0d4ad45ca2c995423fcb03e5f1f67cb43d9d66be618e867fa6a4be81f8cde,1,1
114d3808c04f01f3c17d173278d5121ff664b018f7689c6f91373491d240ce62,0,1
03701666cbf719068f6ab5ec60d59562fb430912cddbe7a0e7d9c5d06dd5eab7,1,1
a4b3b8dbd1c517f18fae9d7ef4da2c64d48504ab34c6482b861d378a92f3f213,0,1
720bdf49c086dbc3f89c1d73495e0ba19b1fab413c60f5606ed849ce6e55c77a,0,1
ead96c629adf4ee53e0bfa33c2b2540dd9b605e735fc366f30631fa8d4fc7cea,1,1
048e79c805b55270bad56088703eeb7f2ba489622a4698a8edd03a1e5022ce5e,1,1
71bb013e9a53ccb08bb658805395395fbf2a124a90024c8e81e2df33e3561a64,1,1
0f8734fe915956f030801968024a94c9f49d959d4958dd536c6c76f4c0dbb656,1,1
ec7b6b8b6002b9d3ee7c47cdf605d4cec9eb47debab6554655bd0cb84f9832c0,1,1
88932ea6864330ecd8a8ab8514bafca0b4f70a9b0a1416f29059a64a63698baa,1,1
77258133907ddab4303c0709e94af12fb2602e992dcbcd7fc8acb0518a32ad37,1,1
5db2fa8443b93863b69a28dc211b3a53bb0655328c29676db689e3e7e2586799,1,1
6ef096567d1aa129aef0aabe4febc7f064bae7a6b27dd813f99eb901ef7c1690,1,1
be1e7d3f50f2d307db00d026ec7c2ce50dfff66d0e0093c76c9b0d235ec34d66,1,1
8ef0ae7b58d33ebe443ccacd044998bf6d9856884e724b592356cd79b509439a,1,1
a6bf0f648b96f6d5f3b743d31905728aa5070e1cbcc66bd1e99a95c48c88b7cc,1,1
36d0c191b3160e746a03d37ea282db5ca9d43712bc6fd4b30ce6e8eb6bdda922,0,1
8a8de5eddb08da2a4e5a7bb892a5beb8b1f7b820334a9b1eabf775e8109fed3e,1,1
fc4615bf3e9fd8a3ed17692282a4ce140917ca8ccd76693facdaef1f510046a5,1,1
936f444bd5bf3c3e20521fa1d0c489c8e685a29345a226cb2bfdcfb5d065d945,1,1
aff47bba37aaa1e607be0743fe770bd71af9ea9d88b0085bb82f0591b15cd59c,0,1
a8036caa232c62c2ebc6586338f7160bb11b09c532ee1ce2646c071c96b8b97e,1,1
e33b24d8ce1ab0e77b84496e3fb975be6ca7061744e9f58f6e33dd34e4375685,1,1
ccb83e5e4bca19200ad483a193ddefe2abddbf123bfcc37a4eef2184049ec6cb,1,1
a38f762afd1e4c3a13b89cd3fa67248cf431e8e2807ee08a143019f310d86bb0,1,1
fad07b2cee70edef5d59388f5a0cab30e6fe02d7e722ccead01b9b614bdc83b2,1,1
c37a5dabe3ba916812be56686812f67d79453d823947dd42d6eecba4f0eee85c,1,1
497ed64052d65a827ca9c3731f34fece4beee813896da24173e8d496cdbbe677,1,1
d80f563112e20c87fe6d3ab2a8d997d3efe6818db6293e92097fffd118a79a3d,1,1
30a5296497025a5f2dba532316129e516bfdb92224579d4c85d59e1ef8aedb8a,1,1
e15ed00ded6132b89c7da191d37f85f0ef3379fe1b49ff26b3264cd9a09bd82d,1,1
9054e410ada839dc0322ada72bab2da392d9d106ac2b5fd7c42f7a0460bc8932,0,1
5c5b9230bbe73ab34eba014cf203e88850c51ab082c83579b010502bbbe4b0a4,1,1
d0d92229cdef861552d386d37404639ef9f72a66e4aa02150f063cb1c3e86016,1,1
7bdf2b9f5a4c12def7b0a3c4fa084c51774142325c4a3ee7595f12c08bf1de4b,1,1
8751ce97760ac7d1ccfe6497b5ed7a405a8a2b1433fb83fe50063c43808e43d7,1,1
efc04741ba9113423597a1d6240d3164736240ca6efb1f7794b87cbf90b88298,1,1
ab590bd11c76399282080923a91d9c072a3d7111f9fffdfd3d163f00afc9ff0f,0,1
494e21eed25ae1d381c894918901de889bdcdffceef93908d3e172d503ca437b,1,1
77c8a7e75827915e580447c9779ac38a869b2d08b19bfb4c82b8f7c0f550cb9c,1,1
9de4914e688c816211f4737adcc6f128dcfc17a5794251da09a3169a651339cb,1,1
a34734009fb23690007a521425e0db86eaa9e559ba6b327f0a1452028f4618af,1,1
b716e2e8123f93a9ef63e14af1785183e6bf096fa7042afb4a44196c93d074a5,1,1
6db08d2863691e053f3c461bb5e443d2e84bdac86abc0d6b5e8f14b9b299374d,1,1
dfc1cc5eb03165744e2ee336b43ff6a0d7bb97e0f302689160f6218b5f0addb6,1,1
336d99627a12f642ebb035e0f530d9ed74bc79284b0d518a5607a39e4e925907,1,1
2a1a188bf7e025626ca4067461dc46a780d9e906de235b4dcd4928d444c1f606,1,1
ad0929528d44261961f2d2b779b16aab01f6585b9fcb8ee223abbc2a3fc63409,1,1
d3d03853cd9596ef9d47444068f77480c6c51ac88975171806571141e297427d,1,1
2498da5113d998570b3bc6b53c4dc9f35257ee7e22d7044605d8fc4be83d894b,1,1
6389c67773c9a0344aeb85773782391a32f4dec8634e4eeb4b3e80e33106f6a2,1,1
fcfd98734c7d8ffad1c451e352a32599c0a9c100b08f9d0e7e03b5deb7583313,0,1
048766dddab8f21ab753e38e4c2b8d3165f07fad8bb4466fa0ea23a88abb41aa,1,1
5deb39b23cefd17e73dab3ec6b6602b625127b25f6e72c590326f9fc762b74fa,1,1
fa158bffc5e55c2d1bb65ffcbef1373efb6b92d290777b362f9c683c10a55f89,1,1
3c973488b576be181b3b087476dc7e5e874c060415f6f075d39568fde9e3b0bf,1,1
54399d274704051fd346c1b1807480663a1cc4327087ac942990e50c4f546b53,1,1
1adba09232484a43c891e70d9965b23eeaed6f56398f5386e8c9da281f68b113,1,1
cd3795a03290f828ca5f25143e1325dd472a378f1f432cbcb6f456e727014062,0,1
4a41aef3d6783d80d08a95e82bf316f62f6d5d1326121da5a79f76e62adf00a7,1,1
b1a12fd881ec9121a48e52a915a307f701c3699817db20e6c340ac0e07d270ec,1,1
9765b52d0d39ff82dabed813cdc91e2572ee51cd13dbc90b5ac40f0bcf087406,1,1
13e10d87bcd55956bf4b91db2a25d1c185112f423fcc046d17ede0d7d6aae83b,0,1
09f85069a5a8571a7711e0695854fd40003b4c6ff07c111ac4be5660f0987fda,1,1
56f42428154e7e0c844e80160bf3d098d6a10c5ff323e413d282a26281844489,1,1
de623cb1af661f9585c4823383d9e7cdb507d0357c418c9782b99a19e115bc53,1,1
f26f60108f3da56bdc8b409dc64aacc487215e50cbe220d6bbd40a282bf8338b,1,1
db42a6e05b0fedc6c8eb848a2fe4d4524ed23ecabc48f9db790213ce46a80fd8,1,1
ae1d5840291aba86d6ba4e49454ff1efc4fa3946ee519db9e04942327ca535c0,1,1
afa9cf923e5c8c38a33cadd577fd57f24eddafdcbdfa9fee3ffab5eed24e0821,1,1
79d790071e35101dc685e8ec704cc99b0e479fe8632f16f1d1f76bf79ee0ed23,1,1
d6a9e5255d3ae59687c9ca7f662aa344acd36419e2ea109f75bc86e372b0d833,1,1
84e75b84de1fdcb9b429ad03f770c0984dccc670e713a4c40f34b8a88e81f946,1,1
e995e4ac6f9005f22cf37f660c4958b675fbb3f1165bbcb336ad9c33730ca0ed,1,1
94659303d8ed199c0359f0d2531b0cb732921175b7ec9ecfc0560bafe1a7ff3a,0,1
51b5e0af8ab4080167a9c6b7df16c57870902a28982e85d85a98e949138efcf0,1,1
2c4ab37a48400d427f9e9720241ad82f8025573f3567096b38f610d09e81aae3,0,1
089e24ee5e4d915e819b7713197343df5f28e13e035619d6342016023a5748ef,1,1
3155703b3aee11dbbb2c7be93e8a89f28cb7c30a3b5f365dc52567f335d9e796,0,1
30779f325d21f66abb5340ddb96811a2d171fe5ef160b31437b619db6fa9923a,1,1
8b851af3c67cbf058df76251ba2ffb669378926c3ddf6fd76988557dfd3d5574,1,1
490fdb793289c0cda78aba59dcb49576fbd39cd70f1699fae50712c214e26dd3,0,1
af33434bd2f165beeebf886b63fcf581c7681df3e9bd930bcfb8f6b5171d76d4,1,1
e762e38df350f128c082a191f8cd000511ee7ceb183719a5c3fa4377a698d768,0,1
c228e47da3fd0cba3f2c7bbedea65ffae0fabd18f696545e1aec40ecdf5fedc7,1,1
259fbc1705920e73d5ad375d946de82f294820fc00bbaf3ab8a14a2825c8c764,0,1
e728de39d4b63885f8d58c1c22721fa9d4e4fe9e897fe5f6d4a64be626cefb94,1,1
b505bf19044a22f9bcb3109445772f4d269c276ad444816e67b85bc0289df4b2,1,1
0dddd2aea5e5b0229d7339fd8b842e7b6e726be1bbe7714499e5593dddb9b622,0,1
26a0a377b7b593d4f71f61543f7b9fccd070b8907b10cbb83b28244a07b3974d,1,1
8879f59ac6f073a4537fd78854b88fc48143b9273934fb2d891b8af50df47e0e,1,1
0cc4d48750d5d0b97b2d65740a324b195cbbc2be15b5d2df4de7b5a877c3876c,0,1
22aec8b9e4149a0562561c2a6fdf00a5c3bf44ab0e651a119d9096df67b95da5,1,1
a158c709c158269d2b4687bbce2844d2aef549b5d15b20e9419c318c5bb390e8,1,1
fd64af96a0d3001dd4e8ad2302c46d79ba3b722c6a57ec35295c4cce19aa6236,1,1
c35f1c727416f1a5f851e5c29431ea7f0d57342af33ff3294ffe96a0f682e13d,1,1
cc67adba1cdf037ac741cafdac558bbcbc0ee5b00a151f4a365f19a159cffb93,1,1
aea3f5cb02eff65f028af1164b7e4d3a42b11283861b8320edc94a4524c17228,1,1
560d6a01123965b43ff0447ad18ab2c73c138dec32bab64585f023a84628a549,1,1
ef84fa44e36438d8cbcbbc192afa6521d75500e11a60f4e2f8cf8ee44e9cab78,1,1
c7c9497f66cedbc0cf9a270f98533f5c4ff51483e6958698c81f89d56f516763,0,1
fa9675f57f086e1628e5e1e31e8d1606f5554ce7b70b7d6de175b8a4980df17e,1,1
0cd62cc8da0a8491ee412b7ad907bb1b1803f2be0e54cbdea7f2fa521d64161d,1,1
aa97de303d7c253bb2cf662faacf527a226e382f0613d4be37a041a480c26002,1,1
03ff4a5592275f6a1a039dc40a4231940496be9745f91b8516a7214b015ab460,1,1
e2969b24144797791bd6e5924cbe714d5d1bae87bb0cfacafcc09f5b5b9a520c,1,1
0da2d990fe959a5dda774f37bc65ed73ebf0f58ccbed7f635e33b7109c73e08b,0,1
84cfb5a3237d737f316ac658a3048a61e250d666b6642f20c4f42f9316d276bf,1,1
f7b590fe603617a678370838fe361e634c255878f71313977eee2a19813c19a1,1,1
f8bc48a64e77f998e0cd8bb9a07cd33516c617371c1173d41c192b61424c12d8,1,1
7bb7384f7c44fce94a250b7ef67b738419890c4ed989146df5c1e2c9bb3ecd12,1,1
7c81c7028594db5b118fa12b78178f422e08e8a62ba8fdbb396a5ccc94a17f75,1,1
9a2fc273c3f98c94d4a7d409369653ed5e7a151e2b27766af4ce77cc60ea2818,1,1
95d34771af6f86ef8e98abaf74de76a8e7b51f739edfde62dd06e1aef088983e,0,1
26ff1b2a7b25d1404e4d38c5e9a4541fdb11b238ae615d016670e5c5d58c2be7,1,1
3c1fdc30ce391a0244d5a6827c3950e4abf7b11ef8708d9a3a9d17baed1f1d6b,0,1
5a1d9f17d14dccf49473190f0a871a451624b286553d9eae139bfba6fb21dc5d,0,1
ee316b193ede67b30572e54498881761b0840dd1968e91d04bb8aa34157546af,1,1
a6990b7705d3f6c2d2bbbbcec16cf42c92400d9a36b5f695ec3bdfbdcd906806,1,1
a668b33370f1083438d236703f7fa1f899e1b9d1d9143d236368cd972a9869a3,1,1
ae2c3ca19fcc7d48e52064ba9c661a2bc948ffa93fd15395606eb3db7aeb3b3c,1,1
fea5bd90781eb283fd74c98b93fb3b2030eba2ab416c81fb70b914afe7dd2903,1,1
f4fed4d548ec53f9711ce675c815d1acb7fb1f2b1da7779b353557407926e88b,1,1
0f5e58a405b7ed16f24ae451d028efeaa6e79ac7e057ef07e632b34aaf64f6ad,0,1
7723c421ee004d9d9f42bf31cafafb673c5e21cc212b687b4bb1f234337f719b,0,1
e47be2158df8f4b7dcd0149a6a6cc34d7c36b25a4a52e8a74538dcafccabddb7,0,1
d8946677597070830d3aa9c84b8dd2008a9735711f3cc0bc42e8935dfcb3b231,1,1
e9da02c519f6cfdd4f5bc4ecadca6a6bf17dcd0c23db28589003c6d29e05c897,1,1
879c5f38d7b7177360367315ef2bb2e44cd367c9c318c75f71d7a1f19bc67f8b,1,1
7f7b9b5058b360671052d7ca01bc5b35a9c444afbda84935156828ec2a9d9d57,1,1
865af3bc63d62f8188a14ddc7159e2d367474a6634dfcbb8b213497e4a4e9115,1,1
77dd45d245d19a023efcaacde2af12fbb7af26a876cb7b69c362ff5317e86043,1,1
d55393d4b4ec37f7c83fffd79e8a1ba47f97d6d546f1c29d9a457e5d1a5be356,1,1
90fcc6832bbc7e5965307fc9956e29ecfd9853c588bda61f01ce546f3b09c418,0,1
14c540704935bcf972827c131063bdcad59d60fc32dfd990373d2f965da1a6cd,1,1
913b1dd3706efdf262f6464c0134142e8a03c176446234f50242c098bd2e5d5d,1,1
f5d3c3c66f5be7d1f00ef565e232c47b91007e455ad8fae79db3d2d7b9b1438b,1,1
75fe712da6b1eef6f25c14138337e10f288a8952aca695d301a2aeb0c012c7bf,0,1
7e5a5b94dd3210f80c8c5c9f37bc7cad97959c61d633f363b817386ee7fdaaa2,1,1
e07fc2dc9a19f822ce85310123564cb7e43dc372ad30f1eebb939798a394787f,0,1
14af2cafbae3bcab4ca6daa586349c023ac84961d1471d824992a5ffa43d59f2,1,1
97521dced1f5d0bd1ecaeb9a88146f38c12955ccd55d5f1587223658004a00b6,1,1
6741b5f9a0ed1970f0b2a80403afb2987eaf6f4d37d5d71147c81d2ac50fe71b,0,1
0db24ff9f54ce6ef220c0ec9164fd959a2ad86f17050c505ecc9fc43d1a9483e,0,1
37efabbfeb84194f9813299196ba4f33dad75c87d8ac626f272734383c621094,1,1
83aa23e2137c6aec8586e7a948427fbcb357fb028c6e1790905028dcd762d5a7,1,1
4a68854cc227da89c5b9c30e6f2cf15b9bf36aa229966a4ef5e1bcc29a0f5ab6,1,1
39c68860a99ce1188a681764598851bea178139a5a608bad939444ff2d5d4e8e,1,1
ad28009268df628d52ff79ea66949c9bdb641ce0e574dc0ee180b0e059a3d353,1,1
51abb7cc4201305879d903656b30c81fd2f0576aa54af892f800686e9ca66fd8,0,1
45989048ae3c5301d606ad50bd3b974ac17a310f530e323211c1263ae04143ca,1,1
9a2c999ab470706a52fd7e1a9ae498286d47c4dfdfcc97d1c30a7c0fb070922e,0,1
bec07cc853dd1a675fc78ac3f51c831e1c49fdf7e620acabdfa9c42647bf136b,1,1
29cab4b0dc96486495f7063680ee794ed9c8828e29420952c3143dae047c50ba,1,1
9d32f317397a79701d20d5b955b0999863faad477f09bdcc2c4992fa8e3d0e2b,0,1
a2a26517d6d344222962b0a8f51b7e609bdd13d49d04f9f13b334f3fb170537a,1,1
c9b2d4e17adfc88857e3df845e92f40642a74a3fedc96fcffde54b6f20789a7d,1,1
c3c4111edf5cbddc58ad1ad9e9a49ec8c95a84344159d4dcf8822380bbe7ccbe,1,1
2476f635523e58e3d1fdffa89b32c6aa4648b4800663bb0c7a1e744073c844fb,1,1
1b5cf3e43b7f82304bc46379f8ef8fd7d5733715606ac3829f2d3bc0bab37807,0,1
4cc2c5147289b41005da9f39f64e65014b0aaddd5b49b51af185df58d3b36f53,1,1
cf4109dfd4d25b9cd7d78b1365e4336442a002cf920377301994c759ace5ee4c,1,1
7cee02e5b57498439cfea89e0f787210289cbc147572f90573e27eacfaea9b8f,1,1
e492e35f7c46f7a00a2aa5a7aa6c705210d1a9a19324ab0f657d24dc8e7e038b,0,1
cd1612617ba8ad9c2d202b6c8787dbee0ad0f4665a8022e3c57e1d899781b6e6,0,1
692e938e38db3a5cbd3f99e1c30d43fad3be056dd81abae91c132f34ced5b98e,1,1
e7ef893b2b40bdbf84f7a82ef9e0b3fb58c4d5aee5cee66e61f63845f1a373b0,1,1
98a6abffe2781d7feff2b0c943ebb597078fe13b631e06f385bf11ff50769d9a,0,1
34decfae7eda60c36c783b6360b36b4642144e040cf6f1148affe51073e1d777,1,1
8431393bf59bba91530c57901c824525da0badbd3947b8f2d090ff01238f1560,1,1
1c3d87452761ec58624cf5b65b99d9e18a2d42cb15dfc0715c98c062801b6725,0,1
f6965a39bd74258dd783aa611a6e460d8271f94056b439b91ecf84cf30eb3e40,1,1
1b6b92c2123b7f758476cbc928d721242ed6f22d0792d5f47ecb30584e6c327f,1,1
5e8086261914c8877f271dff0deee513aa0775f75cbaf6c45642fc2925e654bf,1,1
840e434052e3f09568fc67e0314ea66fe5525c4fda54d56e36b24dbcd45f83e3,0,1
f02cb34cedd4ff21da7d253e39a10c8a76d7fa874f449118a550f194d90c1b83,1,1
5d12ba8bb6dd72c41b0d9ed5957d524fceaa0d534d89b7fbbb6fc7b2fdb10677,1,1
35ee83c203d58df23001e715e456d2097f985eb6129f5a905cca7160014bc17d,1,1
efac760aab57414f4b03b0ee684402506e2fe329bc65df16bab14ebf2bb08d16,0,1
522433a882f2ebf5898795d98c64c4679d6dd182dc82f17ff8ccc13a7b62b4ee,0,1
16c967c05b2aeb1999c626c0f5c48392e4bdc9adde32d7fe2cfb5edf57aafe31,1,1
0382bf4db7e0672391ca3051f894ffc825ca677a9ae8530650d9492f530ca45f,1,1
174b4b0fd9e7a4e58f03378a22ddf8ff6d39e786f047101b94d7eb014ff23c82,1,1
2e2b082f3fdd6b6695ff2a3ac77b166961edf04bc79fc51c315f55739615dc27,1,1
487ed00c6090528f80b5eddad1e18f2a6fb7e76c9ab495886de107ec42a880cd,1,1
634cf59b7e806676459c77c38205958a9f82f2bc28be01123c7db2a163a741e1,1,1
5f8357a5a13826ea8affd230c7e34a222cfb28fa5d446ba1c8d5d4b34ead6b45,1,1
52c7291c48713e5fc81309ed9379e3829c8a0871bea6f67f331e13b4d621c054,1,1
80dc65e0a514a90280d8c290b3ac3236fb87b344ffec7a91924b0f1a45ffb8c6,0,1
abf755546b4f1c88b21fb755128165ba9be28bd1a33ba78c34c0837abee34c3e,0,1
c153e8210c5c8a6dbe8826e6c4380036f0e9d720cd45b3b9d3f1d224a5b291e8,1,1
9b0357c79299ca577b9ec785e165f9f0cf6d43e768107da4bfedca1cefb92eb8,0,1
1b32808284db35805f227f40c57c53561a380e91ec8d9eb5ecf84180d424e46a,1,1
ac46d04e5442cb9c7a3095886bb62ae8d8ade1ee8b82eab7949dc246dc6e8f5b,0,1
e282587b4d2ec3acaf974d00a4cc4682945bb59ef615b5167f7443b33a26e031,1,1
82b3b7036e6ed5bcb00cae83799cce9696f2e1d8f39b3fbfa0511bd23768c849,0,1
e9649463690bbd6ec8753be3d68ef61d262f7ad563ab9ef1f4ab6be6f230ec15,1,1
0f0f673337d2ab460a1495dcf43c549ee87395766925ecec6596f1f105509491,1,1
733ab5371a3140958329e3205eef6bd86d161158103dc2740ddb39f5097902a2,0,1
0e9c985370d2b4fd3d3cad9437d73b42754804d022394150794f6f725bb4a590,0,1
1db65be168b6da713f3ba9b59b5573bde7af64a0e3fd8a455447f457b61fe93d,0,1
5495b875462913e320bac6e9c54f3bf521b4fe2a14ae58515e165a44ac03ceda,1,1
68d4d8253d47df944871935904923106720be98c4d6bb0591776013862fec8d3,0,1
99c01caf280505bd965173eddb0418929f15c4bd103f77fbffdfc117a01b3b41,0,1
46a0fb10162e07015623d9501f0f6ee3a44c988c7a7a8f6c9db809ee3c3a2a62,0,1
8d45f662cf1ee62302283c8e6ca95c4e9322be90c7a994d475833e6fdfdbd719,1,1
25401e00a775528a5e85b2c914c39121a23e99a28712a6e2747397fbedf6cdf7,1,1
a7b814375c48fd88cd633ef8b427f6fbb64bc1f0bdd56fe88faa05b2744e9333,1,1
1e89212bddc7ded65602b27b4d2ee9c5eb6593c876688cab51e5f06578a1f06c,1,1
d93cadc8266e78693f8b46e77795f8576e79c65308212199d9d2be47d7787831,1,1
fb55fc84d4098076920a7d2e81407016d667a27b0b4e612b2e4d8dcba9738e59,1,1
493f5b963693454466aa94609fb75986edf97404f8a91ac4eaee8a9a18d1348a,1,1
09e0ee3240cb5626cdada4b0894fdc18a279ce99addc05cb073c6b9b45c280b7,0,1
b72800cf05c8ef507dc949c668b8b50a446f7562a01afe595e1e24365095f6df,1,1
5d501189f08a707153ee7d1f1541720238237d5e6082c5a44371670392122ca7,1,1
758c06116289a1a3ba12a9d455c899d2d2c33ac22cd8c0555eb95cfbe2e9acb0,1,1
9bcd9cd3152bd3fd9fda9948aeba720ad1671f40bc67218d0c7434237671c428,1,1
533f9cb8d5aeafc52c5cb2c7389cbc5e26866ab8e764449b8c6f7bb507615ce9,1,1
5d26556fba5363d0f633940284e15302d312fbcd8a34c845065eb387834f617e,0,1
8d3c0f6d226a558bd22a078b6a1670884525d36c47cc5c33cd9778eec32f1f12,1,1
47ae2f2150f0250ffbfea7429f1ca12b158e9fd8f94418d5a5bc8be5dd3d17cc,1,1
bc7fa8dca5b8d2cf0e0ea45c2940d1859e2f0dbfe994099bcf3c1eca4137bb53,1,1
7eb5d695f6f5e7d29db34cf514ce454ca74fab945913742d3154b752de4437c5,1,1
06b9ae892712888822a8882493cfe1dfb10f41defec5a5e789c3c49b1ed36ad8,1,1
59c8c2fae7c1ff81c21f5acd2d207c7d2599b386b8f212f85cf37876b46b9ea4,1,1
adeb3a72e2e4747cba29dc8c972b2d3119129b5472016b9efd6f703c33a8c68a,0,1
bae5fdc8d4d7e5479d4db0d583fe11535c8449886673910fe29279fd2caed6f5,1,1
def90c4d1298a79ca8bea645ff8550ccec0886b82dd51cd00f42f281e7950499,1,1
bd5ff012fe9415ade9724c5f00e36af27e55cccb8c761a90303ce0f3c6c6d954,0,1
1d95f09e8dfc92b079ff2594a737723978452e85e2534b22c9de19145d6f2f86,1,1
5217b317079c6327ba57dae9226f4f13a7165b4154777e5fe1a9053200f1418a,1,1
f894b6e3ae79acfbd0f631bac4a734ca32a40d42edf4d404c4271cbe23f54347,0,1
07b388002e3568204411b5a4140bbff344f75bf2e2b643dea6390827932bea53,1,1
37c198b52934b3c3028f726782e6a8f7a2a9e1e775b58bbedcfebd90ce5ff983,1,1
bf33d658d36da890cbde3866f1c5a37b93d1aeee09cc1f1231075d9447c20aea,1,1
23f8a5f59ca1e5ccbc7529e3a6bfefab0fbcef00b1c15c7d37d5bd9893516470,1,1
032777c7997f63e84a34bea57626c4af5b25ad6366c7b77a5e785fc932a8e8db,1,1
2b5968dbecb329a27136e71ae8956fdb3edcaf63a628bb31439ae240ec2598a9,1,1
d4d5b2b3522ca4e6412bd4e2531e7bfb14cde1fce5705b8a5237fc4d997b1bfc,1,1
41e6c1b0a9a436be9e95eb3eacb1c9066b1c226ecd53f102a9dce9015841df36,1,1
f7d15883d4dc5029bcd4fae227886c9612d457dbdb8932ec08fabbec3c432744,1,1
38043b7004460561cb3a5b512633f76d13e28d4444c9597ff2b37e82fa5f1302,1,1
86081d048b6e2420726ab9cc46387e2a67ae00168c13f0cf296e4714dc1a4ec3,1,1
b791f5c5389ff4fab08bcbad0cf7aa09407e8944fb4635cb1f3286f904054da3,0,1
f7c05622695b0dbbaccecf0aa0943ddaa17eb0a84131c119c3273bbd89587d6d,1,1
12fd616990dd9dd0ffdef1b2730b137b453294e01e5a8ac0e62cdf33fa6a95ab,0,1
6a54b208638efa3741b093ec1461cb7b4ca574bebdc46e90d37b8bcac119d863,1,1
59665324f0c777f72a721c5cba44d22dd26cf84f039384f28da6ebfa5fbc3530,1,1
afa8e296c7dde40d213292bceed6be1afc6eea3f620bbfa6cfada3f2ceb75217,1,1
46594a357bff43dd6c9c937d026e8d400b46f65491698a4b5d01d2eda27b5fa4,1,1
3ed9da8fc9d69b1a90315a9079878c31bd334a27bd45c80251781e07aa78d7c8,1,1
a9f63c1d9b8a5414f47616905f395a89e5589a32a33dcafd16453d8a4039ff44,1,1
f1ee379c80d8ae00edea81268442d4b8693457df8d26eb1ed12f581d6489d27c,1,1
c61c90d110ef82645f50f7be489eb16775c1108c12be091cc603a2742225f390,1,1
a55080812db5e9701951c830fcd23308b0962a919f225dd59a052205990ee1ce,1,1
5a34887f4bdac893a2b93748ec511123ce79ab674c0067c8eb1ef7c1dfcea9e2,1,1
b232c401abd5cdb9407d47b4c1ec1db59f5e10e04bc05fde2e905b05aa6779f8,0,1
041842a3ba1718a037a11e3e12a52168fffa4e5609e1458ab6628ec5192cf498,0,1
498895385438fdf62b76d150f10429ac4cfdab5eec1624c7819fbd93cb6f1304,0,1
9b3253cf07ab05fe00712f5963b2ec98ed20dd543b1e349bc7e111af236a217f,1,1
c9ab5cfd7c2c140c74b0b9d85e9148ffe2bdb9aa36cd58504a94c99a4ddf2e87,1,1
27da8f696a49f9ad4f0f785bb6d404c17bb67145b7a12eb38872a50a275da7f5,1,1
8219e3175536793f0254e09a39b8fae9c1d4b99bbcdda3eec94b5b02429159bd,1,1
88cba8e522a648ee9710a4047cf0e00449388ab70c6542f056eec92908cbc678,1,1
4d1089e134163dc77d53f3659322d980c28465e27567c7a4076f64e7f2ff9e87,1,1
95e75fa7b2994f1ad6b1d9245c7d4d8d8d33b2255ff226103049048c92add075,1,1
17016fcd49c98736fb9d3eb3a486459ea626cddcdd8dfc00d46644b0b50dc97e,1,1
d06c7c12ba7c9c9620a23d5ca6a32ea1e5bd1f042022c37f4662e1acccd9ce52,1,1
8cf7de926b3e9bb81fe2c9dc031a6318dd1163ae5e6d118ad3c86465c59012ed,1,1
be642d1365373ad5e331f88b5c4caabb0e7d90579e882633c3757afffa0f56f2,0,1
967c570171cc92643bad67ea2841d3a8362e7042374ef4c72b4a12c7b0b82453,0,1
319bb280fd3b71b0d534b7cf74b536a31025fbe41cf0c7f1e0577572949997cf,1,1
935286f4d3e6478bce01ae051da5a95681a00212c7b05eaa59664759d4d076c3,1,1
27f4e02ff3ca4a6236235a68272d3487ad6ed58dc9d53d533896978214d34ba6,1,1
3ceeb142a42e86a2aef58745804a6af7432bb5a16785910ba074e605d8762b95,1,1
d8484fd09db349c47a823208d108e3e30f6ea66babe56f3935cebac9b9f527d1,1,1
ae02ccc5d18284d0605048ffe8cef87aaece144618cb7cdc355f5360266cec95,0,1
aa2d32f952ce7278200694cc236b791ec39de1de644578a1034c2fa8bbddbfd3,1,1
b9a7cb665377de947f5691a5edd70a4f8f09c0e044fcfddcdf311223fb10f3c5,1,1
c5d5e4b7238087e155afbea446ab412fc634cb7577365a875497605256a101da,1,1
9a05cd188c248901e88ad3aca9d6cffed94a97715ca35e042e83d112172c14e0,0,1
40aa9aac0de986700f68569f33675d02d85d55d6de3a2d170102a7771bb21a94,1,1
65a5d3bf312fa41aa5de1fc62d3d4d773335f5ca17c5f540f947930cbaaf2505,1,1
fa272428a440189684d8bfce235e75502d689e21505feaa5760850bbd341c912,1,1
2a14bb7e1cf703eac4e5eb09a9fd5e10987596e22fe9d1437618a7d0e3036c53,1,1
9b538c556ccbee650c3370fdebaff5e83e755f4c0a3e2dc3b40c2f9a658337a0,0,1
134b2644f1deb856c9dea34c83cfb4102fdc7ae9874756183fcdcf0b288eabec,1,1
377352018d8b3d56d3df6878bda3f0610b615e6d6df3959b9d2964912a95041f,1,1
26fbdcca7b9e1754058f0e6dcf2c510394a895aade338f09d02cd80f4a7a3ac8,0,1
6a52d5b6a7eaf9c0dfa9fb8fa0f231d70713292fd4e56c3f8632a227465289f0,1,1
c7f0efe67ca46734617d71b7adb4991ec340831c1d2140582ce56ebd1e88b480,1,1
da46753a7dd16ee630bb4fdc92621330997c6e776142baada1fbbbd38ddb45f3,1,1
67b2decb1bf408804e148658b75b0f46f1fca60546b62edd8ba966618c9f60b0,0,1
d9ff84d3466fe6f166e13416f0bdd9a6decc4ef03afbd1f1912f68e3e4b85642,1,1
e2de0995e45049b267f70696c21c5d7b067ab94c6dbb938a64d53fe25469276d,1,1
0fdb845c8c7cd3efb3c1a492e7b51090e92c8dcab05b167762c8419b8bad120e,1,1
c51f55966a66fa2bcb7477493fdfb0355272a71893803d751aa0f67628fc8325,1,1
6b9be103affd98a8a17978a3674fc6a54e59f24b23795fb7f56c96c8686233e3,1,1
b0e98a012e060b831b814db3ca0526a288e8e3f65cfc8b5f79bef6e1d8b4e779,1,1
a3e84744a7cd4a13e521699c1fa957a9041789350ded83eb5fa7b62c0f44d4b9,1,1
374565a24ead97ee74d74bb4fbf41a2a39e5eaeb6d14dde606d968e88f526669,1,1
56be993342c4646068df6162aa1c866bd5f5719fa5e3a2df368b3d8b8e250f51,0,1
8f5458d3718136e6bc93f515fcca2e31dccabc9fa42de3f79785c118ba5e26f0,0,1
6eb7867026f075ca6c75ec238098d0eca41dd60b8624b4edc27e7b76b98a8a6d,1,1
0d03a6214a5fa6d6c3eccf67517ec42b137c5787d96f8825329e35cef118a8b9,1,1
96681df62854ffaeb3b8a05c9e375ce881cca2db152dfe631005e66289a1f5fc,1,1
318a203b4b9e3728ba0b29698a455cdf9ac658823bf4f55e082c4a6104ddba88,1,1
c850f744a3dd9837aa1824b27501107f5be88509f223db5d27e6c15696cc71cb,0,1
1ab6f6fdc34dcd287179b4641fd3739c0ec5dec04c4ccadd23d219d3b6e51601,1,1
de6f6786a9650d6ec75fee2ee4a1fd894e38dd642443f4c7ef8ce81a4560da38,0,1
0aae9075704c37079b3e0b5ee68519645a5b71a7b86b5302931dfd5872015200,1,1
d660276396f415636910d6ba79dd2fdd9a828b437e548b08b7d78cd742cbbea2,1,1
302aea191eb20ee5266dbe926ced90770507632d2a69977cadbbdfd263506265,1,1
b355aaad307ffcd1d7a5d92ee9ef9153f92c844ad33c5ed8d9e6a6e1ecfc1103,1,1
ab12e6be35fd1539fd80c392175be42fd87ce951888bcd358bfabd457ab9bff6,1,1
d3e47623678a44bb345406eb8f7378c7f4af9dd274cdf7657e4067bcd3f98710,0,1
6474dbd62717bda9ad9aedb6a6d75512564d6278864bd8f2b2d79a0a72b4a84a,1,1
40c23258b0beda19d2c5dace663c78c0526b1729a0a7cd9c1c07d44874dd33cc,1,1
165349121e707d5b9c2fe3e53d30932d4d61a3557053a440e6216239ca03a37f,1,1
c174acf61a5b844eadcd3dc68407ca574b2e18fb0260b615848125ed5297b90e,1,1
246504868edfec6017c417b27654e3a5aa5841c9da2643fc0a9af3197cae0452,1,1
8336e2bc80536f08e11db7c14f19f69301c4e33411c8dc9d6be4982793e20bf4,1,1
c8b6b9f02c7ba5078909e612333ec2f3300838c28d5eb8b62a829940e7b9409e,1,1
179ebb9dc8e449f3d99a72e4504fa2df677253aa4eff96d1c533fccabcddf21d,1,1
ec15639d94c6a3ac852a8d6713e2f8e8651abc4981de07d432d1dbeebeba77bf,0,1
6168cb176466eebe5509d315ae4e573a74aa695e898b0ad814093036d55521f3,1,1
da32668d84c4175fcc4ee69ac03a71438e81f22518ffcace01e87c959d39dd27,1,1
f30930943194407922f3ac6ef4c2a7bd9a0bda50cecb1059b9220d80cbbfdb29,1,1
26531eb8ba078a2b110ddba81a7e9a8818b28a553503f166f416c4da5aaec2fa,1,1
9cc0dc8a49a1dbaa88497f55febe792abe5cdecf185afc168cdae009faf07165,0,1
0b810108fac702322e26ce7a0ec0d95e05c89e5a1a2eded010c4b90f786a2600,1,1
92b3dbf6e41534d8bacbc212f0c6060cfdc83fc1de6c72f8aedb8c4eb9d295ae,1,1
49c1ef6b8d4854c09aba3d3543c983ff7406e404eb3f57ea7eca4917fabdfdb5,1,1
78c87ed8d00b51cc77246d5703da4b879c6ad390dda74c7b65b27256c2d0a623,1,1
1d7489e5ac461718b0dc352e086fab22e967d9a4d435bc9dc3890ee594661b83,1,1
f11965c388a028a2791dcd1c3f686f5935d783986ad40e74d74c2e64f26b7bba,1,1
e3bc12ef49b439a9c3fdfb91f948d93834f776f738bb9c62cac7bbada3aa36bb,1,1
0e78ecb5b58b9806925ab336c422e725178d24981fc5e2336cedb54ef35bb898,1,1
eccd5b452d64ce174062f2105496b4b85d892ef4a95266806e995e96570ab9c5,1,1
2dc5a0a943bd27aa565628a1f0e691dccd310b51fc71811136692081a552dff5,1,1
7b6c29dccf8d2b1a403d51e4ac172637fa6d64ccb477de0fcb6a053c4e65b08c,1,1
05c3485ceaf20425e66f4eced62a2e81621a070c0c40c91c58617aaddc9f586c,1,1
da384a6884785486f092fbd397f7e437ed36ff6374a638e06b7517d939661660,1,1
67f41fc7c732f37291d61ae0e66bd2b3c661a484c144cd186d1d1a71eff2938b,0,1
78c08f2508b1f4ed49a3029426951826242b9e61321324f5f80a33a2362ecdc2,0,1
153bfa0dfe4ab0c0b63333d1160c5aa05b193e2dbb3c1b9fc4a4fbca58018cca,0,1
a143e050d99b8b93225d4e1008f555b0b08c385e43e38ab323d9d8e4abc05b15,1,1
933b83ac4205e27a966cc2973a2728636bc756b897846e55ebf9951e705c0acb,1,1
6d71dff7b0b7f0ab80a7ecf3d1d5724f6966c44ee9297230ee64da62fa410fa6,0,1
b2f67d2744b7e60a879cbd323a5aa0d015e9cc731a539942cd3711fc3d9e2564,1,1
0b37dd6c595184edd781258b6e52512f9f31ac6bc6e320f81c9d3562bfadc4e4,1,1
644396902acee4e0e580a19deebd9ac7984162107cb16feb6ec16f776770c0ae,1,1
4c07a8ae5b360154bf34eac90883b6c407ecec080b4d9cd6d087f0c81bbd4c79,1,1
c44a9f60225165448a20dd6b413458745fc5a22cb537535f4a51f8212a2634b8,1,1
8716b6cf121ebc3db379715bea1263b71f43852c4ff29ffce16a944254a642af,1,1
9675b4a125bb69c270e5e4929fa3659c57ecc38184344d7453a902bab3496571,1,1
3869a6c48aff3bf7d6b7ee5d16b6cde060336a734f2f06b821bd9d442a8dc486,1,1
799a153c89628f56decce4a9845ffa305222aa08ad92c7faed210d05c4f4dfcb,1,1
747181ba8741dcde2edfcd6c32f369d743e80bcb504486b0677a06576760b811,1,1
3c97335704f1876f194eab915fa00fcec9f8938c8a16846fd208d3955b1287e9,0,1
4c5460f52efe2d1959d082e2c635a08c71e128fe152a5ab84763b4cecc38f86d,1,1
813c0312f5154282cb0e151816ef34a81b06b716bcff586dda40f72dd66d47d4,0,1
8a6174cb8b1e13280fdde880d47233b1e7cf55c5b3ac7d94ebe320856d35c793,0,1
720f5f22d03b7eb8205b2c213c186716421a81ddc87c68442a6e078de0eea081,1,1
647bd0129a5c48a02f8115a64cdadb78ef884dfa6f20f15560f29bdc8013e66a,1,1
694a783ef02ea41768ee30b796de63c57bcc8fd1e50ff0fc4fca9f22788ab020,1,1
fb8a8fa00fbe548ef1cb4e8f72f0909bad755e21a0d0cdcfc3d1a444f0fc0086,0,1
9a8479ea5092a11754d5312d592eefe934c26774d5941a15db192548bb847f63,1,1
03ec74114e2371f26f87d925b8c5589e81c4ed349aece86b4f96d6cf88620cd6,1,1
37e3df0ebeff2c3d49b242d263eb555a7153e55c57ae1057aa8e17fbdeafee4c,0,1
3c3ac03c16683e730a6431accfc0972bf3e40c30046cb61dc521fc5347274183,1,1
4eb149a8d37b34a4384a5795d4682a3e7cbea411fbc0d9356d1700ad24ef51fb,1,1
f9c91fa83b13f393faf21ea300a620cd77e4864bbb81ee43a2a16e167aaa8665,0,1
288e14cd0e4299e3c1f5f2b05f0d93df45a1fb3c74030ac456091936ae9ca904,1,1
e18386069042b6644d29188e7afddafa2301e8cf356422075c7d40f21b3a73ee,1,1
a33fd65c1f2a725ff0df6257a5679836778c16e84e46915a57001e078553d50f,1,1
95b0e6e6bf62b6b51f51877924a018a54d77f47b3ddd3c6f9d3fa1c90de72bbf,0,1
f0c20836fb30107a074c24debd58c0ba88996d99c1581cbbef028639799c7d6a,1,1
dd347551054ebe0174673ec2c84a8a86ab89c29d4f5da750006833cf5e39a72a,0,1
b8c59a2a61c8a699591c3a807e6a3e9e05f275f01bb0400b93e61fdafd0c4c30,0,1
de7c267f92a5a756fefd0b6463f1afba3e183f371887b00d1bbdc130c01c2c30,0,1
dd0c4dec4944fa1009537e428e8b556fa31905a30dc16810055eb021ee61dd88,1,1
a0c4bad46cb6de038375b2352d67141ac5ebe73d86af7ea54f7ef71b42a884e3,0,1
8535d07ce329cf063832ff10398097ce8f770ec12cab187f48ab8c39dc8484d5,0,1
a532e10175aa0aa369e428a81ae27a5bc429a5cc2113c713e062cbe9f052eb5d,0,1
de91d67b721f94aa6894551afe387300be14623fea935bd9614d2bd0544428f7,0,1
5743d1458d5c4b088650c98b5bfc89f583d639f552af694b3cf385ede8b476ba,1,1
1a8a80c16553e68f27a19ba4563edaef5ba0cbd52374d36a91c770590e32152a,0,1
63098b461cb51941cebafd6002c4e98f7fbe6c4cf35723945dc5b3391919c80c,0,1
044c2ae9cf24ac8747363acfccdbdcc0a8ea655b3a76479de0b29670c90e9e26,1,1
9b4a3d1b7241ae94c4a201e9f6554d007a3586acf2695481f9fb9df81e32436d,1,1
6ba8929cc77dcdbf2946272a0b21477f34cd5a46f681c340e6842d470b4e9a72,1,1
6c03bce99335ac2dfd1a7eafba5dda928672a3d2fb6cea0c78bc5a627d34201d,0,1
989f32440a85e0f3e5c9327f18f37641fefca390e668f5baa151327786271764,1,1
9f4fb1d1c4662b4f463bd014cbffcab61d96c5a24bf7c08555652dd3e9a0bded,1,1
97ca4eaffb698b8d73ed5d85a261db7448d0b356785f59c4911d9ce1b9511f91,0,1
e04ee32cce13863da1ce2ed18d0ba95e4a2024cbc0f558acc5ede9be22dfead0,1,1
ad965b7107122e1f335eced9e9b705690de54adbe9e0554f0be8aa47a2ee28f7,0,1
8b52cc03a67cefd42a24c414c4934339b3ecaf8a28badad2dc019fd1cfb2f570,1,1
d18f1c959cf9b5ed9d0357285591c071119ad12daad393ea47bca5e920783b4a,0,1
8133613c2949b08223d545aafb1199a9036580db88d53212d97c0119f672d4e3,1,1
ca78773fc9203973fc72ee95386e23984e6f2a8ed2c9c19553f843dbd45bb2e9,1,1
e28bc4fb400ae4798934190afa56903cc9a1a8e8c2d0ce72aed8cba1adb407b0,1,1
05b531dc904257b0ff3e61293439c1d39ec9e86598a8021ab460223f4e799c72,1,1
555c1e657e0eb8137af5aaa07dc32211e2226a8a7b968c7273d60f4eefc5e87f,1,1
f5e663ae0cc4f0369dbb835e5997d1f9c7a238ebacd4d4a7561a0daaab4d47ac,1,1
5b13eec2fb513df06f0a5ac4ee053c101332f387b921e09d8c0f136c4d373fb9,1,1
920b77f8191f785dffcfb0e9ddb56cd682015b2e95b8f7b51918458b30a08c84,1,1
03eeac042ce3cd94432f7bda6f5ec8ec6fd000bb3006ac56c2609ca905202bf5,1,1
3918f8d2b5c2416bad998fb763d3661bbad258bbab58408eac4acaac0eb69e79,1,1
01483c716a5dc00a124a60455f19e479b1d92bef3fcdf5cbae4534aeae88472e,1,1
db49ed21cf1aa4a4059216af017a73a2c697fb15b51ed3ce60aacd91c269b3b4,1,1
2f5f0976dae78530516f589369f8fb55fbada568543a16594cf40b7936ab9ba3,1,1
42df84e0275eb74608ddccf828770069cf3424c864a6b516fcdf77cbeb014766,0,1
688521ee20daa09dee4f17afac17cfd240cbe543f0075a97d9e67ba0a7520ada,1,1
b50ee2707056a6dde34f546bdf1f0e95326e627cbacb3dbae36aa800613e10e4,0,1
83dbe00de431b2a6801d7583c1b93fd654a5d5b87bf29fc28576d8ef0fa01190,1,1
0154d349987234a2379e9ca2f31c81cb0db6c7f02737d6e85c146c054f06d611,1,1
3ad1a10e16cb9fda7987202cd33195082209365fd22aef5202f6bea0321c7893,1,1
301f24db5c89beed05be5237c3e7d91d8960afbf80b5a935ffc36323d16598db,1,1
93c03ef9d12b06c9792dfbcf0651e119a57df324b81e9b1c6a391701deba07ed,1,1
320cc556f24e8a20b5584bf6df0209e290ca71e3348aa26bb9396a32a58ecb51,1,1
0ae31cc652ca23cb45d298c853bd830e2f0ee7ede9f39441f9c7a29a9c96009f,1,1
d5bb9be41c9d831fc7ae8631cd7594fa7d69fd708d165de889704dfb9d600a81,1,1
553ea95883dfbdc5f69e147a9d56296bdd35b7ff2da4142f7f5eb73aadf3b07e,1,1
041d73559d48e48291db8456d1837cd7fdf6a700161c6026e8014b0aff5bb263,1,1
5530ee55e63b34f2eafe291c4870ca9ed629feb871a8d2200b6101ddf0d1082c,1,1
b78bfefc9775bfd85f659d94c3be24f25020c238e181423d30a601fed3c1b19b,1,1
77178257385504f80a441005607721aca43da7c4db4edd849b21da1c46ffc0ba,1,1
32202b91bbc934e2cc2f8577e9877bfc65d109e43ecee7965e73e2c0ca07c535,1,1
f8c23ffeb2256aebce4afcf026d0df223b7edd142e3f32a30eeb1f6e8a2b73d9,1,1
5d9855756e2906aefdf1315d0756bd1bab58214cd72623bae1d0edcf53426a8b,0,1
c17f6b86f7d55138e9816c102723e1fa2a5bf40fea7cc55a07ad70e10d4f5505,1,1
dde1da93ae832fd74ca7a613ea659dd6a9fb5c65c03d8b87e9fc6beaf85e705d,1,1
f2cfa86fdb119d1bc5ac8646f8739212b814f3856de0a3943fc0e2e877586b88,1,1
58ec3384209ac683d4dc273628985d8503ef7531fbe8876900b7de904ac104b2,0,1
1ea3b64a3d21a54b7c7ba5cc40e78ad78a70fdb098b55f5e3046df1e5e8869e0,1,1
e3209b0c3f45b84d99776da99c7a41fe181dd80dedf7a112985a297da6524431,1,1
5907bd008d7680beacbffc2d4e801010aec92994fa8b0a597f646f319e76938a,0,0
d0954eecd27c4efac9d115ceb9ef4224626f1135db9f3ea69cc2dfb56915d915,0,0
70dda02986a6de75ff915d5f5c79140c721892aa108c193c4660abd6b41bf8d5,0,0
d19e906a0e5ec3a1e1e81cf23acf9cab0b031f61818477f2dfa16edcd1540d3f,0,0
ec65b205fa4dd99951b1635a7cb9fd553fc66b97133043beaf1d0f91ba6c8e70,0,0
423c7e8d4720c9a0f0f2e2d779b37d8a8eb9694a3cd08160d0c984f65ba3d389,0,0
1ce4491daa743fcdfcc26cb4231e1bdd0bc21da3991b7a3834cf98c9b8e6a9be,0,0
745f56987d787ca47c7ac79cc1b94218fa4e253f06d5be271ba2020cd6ef4b80,0,0
e955d9440353c2292d5f14a33a0b3204e227bb2b86bb9678bdbc4c6eb742771c,0,0
6e1baff6e2e07e3a8046aacedb1b6615fd86a5a30f7625102ecccfe955f6bbe6,0,0
7bd6b95f89113704fe7ec0e94e335ffa62bb627644aa2e336121ebea2df66c83,0,0
4e17b371cbbecb299b240ab62ba04fc748a471fbc27b1aa76770e0b2c269e43e,0,0
6283cb345dadf18262f80314b3e1521b30f1f182ca74c30d3c7cfb6dc4c7f146,0,0
d02e2571b8291281f6821c7399e85af059c54d798b64e46cb772f85b6e73e9c6,0,0
8fb0604d37919b69cd8f9035450412764e2c3713d8044291b74be04daf3e8209,0,0
81bd499b1f407236e480a647f32bee04251e7225b92e1ef92c3006cf0d97b1b1,0,0
f7207245df32c62a2b414e57beaf1f4dbc1965cd485263c071a4ded61fe3fe5a,0,0
5c8b337749dba3ca7625f116006f0a65622e174fd30c180ddebe9e1d3310c3ec,0,0
92ce0d581d634e0d06d283c5ec6df94388bcfb0d562fe709fe0322ecb2fa6fd4,0,0
34f8349f72a5dc792437d31d6b004cf7a9224263d9c20e78dbab6ad5af1bb72e,0,0
b11408a1456203636d8ab9df11855be625e10a1ddcdfa802f038177475d47a96,0,0
1849d6ed10c10b58bc5d97405680bd57a5464ca083d5a26964f5ab4bd21b1652,0,0
1377032129cb9861486e5487b39a279472f3dec14af33bed51e05c2e4ea57727,0,0
fd71685f126904b621dac4ae996dbc3a9d9747d29b85dba88e0e3bfc274b8f11,0,0
fdab3561e10ffa73aff18c390dca2488384c37d4b5a0f23907e14fd3940614ab,0,0
97b697260bee7a258ff478db8b84c80c62a724d68ec5f5bfacb3c2f3e0001f33,0,0
b1be9e34f9f2487f787b4763dc313525769db095287567c6d9f00623f8f4a0d2,0,0
4217d23318360fcfa1c425deeb889e9b09bcab68be2647287e503a08f4f8ac3a,0,0
08814a28ed3adf59850b72b2f3eb20d47dd4378058517f2e8ca57ff2bb011ef8,0,0
b5a49ff570c8d8e4f0e21d2030276b180373ae0afecf7963629f5ad412e149d8,0,0
2f20cbb773a721a42133cd9ba4a5fd224fadd26a77b1b4059bf4369f456979a1,0,0
d85f02a1d110a05dcf93e7a7d28cce3d2b2fbfb643e176996b24468b3c6e3667,0,0
f194db4c637fbb46513e950983823744d0b56795ff171950cf00fe794440ecfc,0,0
fedd6a736e5c143e8520a51297c06edd21e171cc8a525e527681764ddfe4683f,0,0
424c709f553726a8f6d4a331832340783c9d12e94b70b2096e796c0093dc1075,0,0
5db7ac5726a4fc399240290ee18a81b9c8a4f5114aab097f59a7c307d6fc5cad,0,0
797e3a1a7b6c41fc1c67616febc4ea875c563853821499e266ef41e3f5b34672,0,0
c3bb8a7c77211fa33f5bf5b9b9d9da4e72bfc9c6a6ac43d6cfb4d97536f44fd5,1,0
9da48d97c0d0a351deec831652e48f0bdc8224c46f1fa5deb3d0931e3cad888f,0,0
d4458f05a833c5e43c42ca3e9f360d0fe6a1a6c99c3fb596219e5ff42a6e186c,0,0
b4c75858034007711ee85110e6508369ec96df2fcc88f4d8effa36cc54aa87a8,0,0
878007d1670bd08a655bbfdcd220d783b9aad68e83d51a1daac4319eeb0e4e76,0,0
08387e17f7b97cfb20b7cf08c2db59e8632d786aed1eb9458d470604c51fb4d5,0,0
29a6342bbe329077023ef9ff2cebdfb9b9f368a90c7be19601a9059229e02f32,0,0
aeab0384f714815b193b99ff16d14de43b0fdae0f64e596eaae886c151f39103,0,0
ff663fa6ff0b2952a80d30c6d609959eca10c3b4f0a3878035954c255359ecc7,0,0
59727094d38d077751d3ce99202b9cc2a3a2498cd342a294ae0870453564a8f0,0,0
be76900ed69bea59502128366987b03ec4a0a2457bdd320e52cc38421c921c16,0,0
d0546fba3924d9b2ce960b1fd61125a82ba33a65da1191b2ea4ce0af2d4ea58e,0,0
438b8dc19043fc10cbee7efdf79a0609945e36c8735a2340b5f5f92aa49e1d96,0,0
96b619c0727844dc4d0e1678f254cbcf74bc747aa925dcd7fe8f37d73e363610,0,0
eca18147d523d2757529d9489cfaa1a725e909745c6d0e6a5e840f8c09e04394,0,0
08e7286e2f4ab756ef435fb69ef0e1346c0e9b956847012105fad9f620ff2bbd,0,0
c3c93e493f13b2b6d0afc8590cf058c9994fe12958db2ba70f40ebd25fe8239b,0,0
fb00b5d0873725d568eedba41419b9f5185f4d927331813d04204aafc95144d9,1,0
f8c16c35b5e64ff6c0b326648ff3d6514a95690222305b7c15856b788561b04a,0,0
cb10c23aa5900c95e3f66b7a0c676ff200f562718795c28270f6b492ff74677f,0,0
acead02e441c24bafabf651da247589c6c93f1e1e3cc775be10ba7b0ad9b4d3e,0,0
1f58e2b5ef21ebfbf0946ae0280ce8ae0c419e7a00c22e1e345d44c6e89663ad,0,0
13a441a0bfbe4ed24471acd53335b57ae2661d6b0e8e71661bfd3d12127ca0b5,0,0
096a1fc9cf6b0a6df2b268e4bc7e5785018c1a40763c235aa86c9a459f8887a3,0,0
d4b18deab022a90e25ecacf2a210ec47107f3dac1e396c5f1e4cf3e5ac8a20d5,1,0
07a85efab5e94694a957ece79c9a80f44d405f2f54a706cd609bb7734fae6827,1,0
a1266c053d50f8416e4972348bd02c46c8d62bdcbd4a667ce61b35e0e15dc0c0,0,0
98a3193959727f7d936e1e850c13c97c6c1364002eb01324295ab6efb6de22e8,0,0
0f5127309a1d613925cef0cff8250c5cf44a37338c8351488a23fed4979df177,0,0
def0545f9b0d6ff30a8ffb70f7caed8ccf37ad239688a78cd0678a448d311ac4,0,0
89a38b11e631611edb23dd401111e9e65ca9bbcc6d504f5bfb6f1563a759e810,0,0
256c768992c6ef74cf56bf8ca0897cec628c59e8cfd6e3e762b5de65b3f3499a,0,0
6822a5018d4ef25cc402ca924702467d8a232ea6feafbdce164b8317cce8d093,0,0
d175787d42fe667658c217d5f0b5bed1b95b7807b688f28e70a8d7c9ae0ed8ba,0,0
b111971284924899ded381384a8f61f311d46c5f1759ab444b522e8896c67d02,0,0
604b79171dcc79d132798ba406b8a45f343e2ff392f8160c52539b0aa20a01d5,0,0
1561c100aa2ecef5fabeca497f30c94e27a40bffcf505fba414dc79636d4e54a,0,0
1c909f1748a77c755ddb126a8a0de21cd109bf2b26fc733e36030e42dffd4704,0,0
68bfc5adac4039a2cbcbd1050fbbe5e0cfad9069dca3d10e4acc748ec402cdbb,1,0
73b57844c2c172b583d8a516834494117da581b03d746ccfce95681465cec4e0,0,0
ac0ca471dc1111e3ff742640db3855852af1b03781510ae8e23403a353b2d058,0,0
fd3915ab3e15308379a9af046499ad37214b44091bec9a9534d00be8e2267fd1,0,0
2e61185b18584c9dbb2572ae98cc47a508b96d14c8b8ea2cf31cc1e2e873d27e,0,0
1251ccc3dd723ee5d1e971ceac93502daf7523a168cd1047a3f888d0ba6f4ee8,0,0
bf22facb13ea945fb9a0d568ca7d4f9db3d31993fe5e6849a5f26cccf951652c,0,0
77987f6d927a4b572df406eb32749a901116f158682df83ea5f2d8012f62ac93,0,0
19a2e99c3a1ba6c9d0356e2bcbee5ef0011d37124ab83bf3fd33d46a2c301db7,0,0
873182f17361e53a79bfce9b244725e40601de721a804d165682d40364875250,0,0
2587c7bb75f6ec610b3bbd3671fdb4eb734569fcd937bae580f043051cd93b92,0,0
51452257b05e4f0dfe213c9c473ffbca1f8a183e78d153f5012b1249f1b5d15e,0,0
72648518dbad602462e1287a204c1fdfb0b1446b2a84173305fc36e7a96fd04d,0,0
493836f7f2d93a82013aeacd716ccf6af6f0e44002abe2701e3fc20af45d3463,0,0
a4272db62e67d7e7196239c938c83cf87647a14e73d077662276c7c307e98ee2,0,0
8237a1e90598af79a78d4ca5f0c4d14d09e9e1ce54c47d00263bba6853af0a1b,0,0
87ee8404cbf0c496dad620080f4cb6598952b35092bb9ff65dc3009775b90260,0,0
4fb41401cd842087adf1ea2f858f3f533c3df963e1e99aec5a1ecf1a0aedaf8b,0,0
951ec5147e976b0022668b6b8a2fe3167ea18db66a60a7a0c895cf0bded29eeb,0,0
bb69d8595e15faff9bfec320bcd67b79ed229a3040a627b857e6d648d5e7e5d5,0,0
7a30f31c5771292c961314f3f86be2c8bc9b63e7f4133cd9781bf289517cf34d,0,0
b0f2b059eae267adc1db9098bde3a7b85cdf5f3206378bde5355299fef638a30,0,0
ab2b62f01696006c51b7e4ab61e305556375b25237e5223fa43c961f55ccc8e0,0,0
9f1bb44f041ca5dfea031698dcc05ef96614a7862ba5df43e1e45d000d0fd380,0,0
78c76b307c8bcca1914cc8641f6a59e87f076ff4b8b4c3c0e64c709e0ca28984,0,0
3d9ef6ab9cdd3f09ef845b2fc5ae073a7e4437c544a842bfb5b1c748343a84f7,0,0
aea668f05bfc9d9ca44338e9e933ac64c10a58ee35cffadee5befc650a53c479,0,0
ff74c24de89c305e8e35c5a32bfdca506cab87cd79ab62b333b312bae5d5c49f,0,0
e24c319e740d682896a9a0f2e704ed9a929d401cbed2493f1496cc8e9c512e90,0,0
eaa2f53241d0fe9adc8d2fc733e3f249c4608305fe25ed2fd566335567f28d8d,0,0
79a4305b9ee8e39ca40b3157c40db2106e36d75bd568f9bbff14d7bd73669131,0,0
37f8384b38824312b5950b9cb37ef137fcddd8d4b6ed3d1413379b35225a82d2,0,0
f1f4ab5dd48a2f05ef1eea77b73b4ab72511046724f10b006a261bc34df548cb,0,0
5a9c425c1e1669c34af711230cdfd9c72d56b29dad0cd7a63406115c7de5ec71,0,0
422a66d72e2d406b41f6db36d0822db8336f3253e155cc6be813f39af81912b5,0,0
94d94b1d4385ac566fede0d2375b4faca940c68d0b21d5f52c2fde308f9d3a56,0,0
96675338b0ec61fb607b7db53f3d7baecbad7ea040e262aa009b675a1781730d,0,0
ef4de071ca3e7aab50199dd8ba9b7e86266f071e06a685e5d389e0a19cdeacbd,0,0
83c0570ab9a26641f41516a1f6e2c02cd67aee3efa168fc33e45bef629b5efc5,0,0
21dc963383713d3a022e849a5d6d520a847cba98387016b06abf8e5fc9133274,0,0
8766ef794c43439ae4e6fa566b31251f6465078f95e2decf9f87d55a063075b5,0,0
a5c473e6b675d6056fc0b5509dcb7ab72546694c45b4fefc76cae3c2c930e536,0,0
f1b5afcb58a033f33a2bfcebccbc06a524036cf61fcff4188027d878e60d7311,0,0
7fb71b29b1f4cd4081577e37fb7dded9b91627cccfcfccf04a6cd67d837e6a90,0,0
c5bf1e0c8df1b9ee9b3721990ab19045132d371a954a622b6c1060b0df4107e3,0,0
7ec3e840b4249bf4ba4a89c0669bb847c2c42e506ca12bb4ea3ecd758496296d,0,0
ec48395852014c3db469e635dbae159e39bc426916ce526f3025e790452fb36c,0,0
28df43bd46f61deb16dc73e99bb30d30f039cdce6772d0a39a2dda5928e66d51,0,0
0ee230ee2d20e7cbe210b3c24b6b51442a5cad1d274d58223ddbb16955046872,0,0
a5bc692c8204c17002cedab96204183d6f40544ca5a98293abbddd62ef1ec3a5,0,0
4ee09fa579ec05373c9a8c18ccd47e9a380ef37820193bfa9ecc610d56990acd,0,0
cd1801c370de52c92d6ab442172b4c556dcfbf923c408ea8fcc61f2ef2dfaa21,0,0
0c8ccff8331aebabea929ff6de4682eee8bcc3acbc2b8a48d720580382bc7c3c,0,0
29882facb63e23b88cbcae633f0d1745aaa1ffc7eedb1fd3c0a65990c0a44925,0,0
fab6bc2bc75fad5674731b82957fe4dcd498bfa80b0a916f0dd8b00ca75196c6,0,0
c24540f6e97ee63b3d0a6c222a4f5181071d2a0bacd7c6a00884a2df2d4d8a53,0,0
60edc54271ec2a7c71a6b91a704b5058c4a69f0564c69feef7bec9d9f0026f45,0,0
bf9645774db51447f67979d401411b2ad5af201cc4bf4ddf31d5746727cf5995,0,0
87ead63cb8c0d3635fc465e73ed576fa44fc88053dc318c5b935061541f5d3b7,0,0
58384018b58eb0f32df9ffa0c0dac3674077aaf3ac6e7f29fbadce861f7d8831,0,0
3a755bb6a9032861a256a4618fa44410aa0f88a03e2c2445d9e3d4773b23423e,0,0
3fb96e0e7a96ebec6c0f2dc998c301744b88f48791b88d0feae344c89bd3bcf8,0,0
2bf845deb8d0e72004604977059d9715f221a221fe99cebd4fc12ea9660a6161,1,0
3958b421e20e1a0c13e2be388f433bbff20469ae9f6a1c006679cd2b3f374e58,0,0
6ab7f9e43a7a6d5cdc6bcbce653aa717e24dc696dccaf23e3554d854f0dad7a2,0,0
311f8de14cd32cfb0d2b523ab2f99f85c0823c43ac5d6cfcc26bf544e6036c8a,0,0
cad9efeeb654d02c2d2179b462ed5e94c6996c65ae540609b7664c2360b1cc14,0,0
0ee6b354d88a89cbe9d420160c6106f81d2a251ddacc0dc8e9b1faa4daa1194f,0,0
fffcd041e8aacccf2c8b72097b074af49c6e639c3042e84fb712afe98191e05f,0,0
b90b08f57ff4175d6386422fb15b006d238b540d25e9b56d918a0e25bfb03d4e,0,0
cabedad1aa385675fcfba732036badc1e2bff851208595f56fb13dc6a03c5b29,0,0
f9706d25d5cbbb209741ad4855c49fbb86675bea6597cb8e15d5d3a4cbe7db7a,0,0
ef468580da241538a2fd2e234bdac1d4efb01b025fe2b5a1409f561d92e78a02,0,0
92ccc40caffca9d2ac549ee0d7d7390767c0a8b2cef827e64f2d75b77279f856,0,0
ea773455e5376db26514a4ab5b4d9dc5e9ae1656bdcd4a9e646238aa6a3baad2,0,0
b07694336e9f2d38aae259efc7df3d24324041be38a7b54c312ff6ddd1b8bed3,0,0
ff3ea17448cf37ddb7ff0301ba9b8a387aea6369d29e5be17229fecce5bc10a1,0,0
830bfaf96a8603a446d8d42bcb9444a08ccc7510cf54bcac49d64268a4d257ce,0,0
dd0f508963b5c18588ce306d5fd1139d73717f742f9859a6fa3651662f9f06a6,0,0
e9f51681fde3b4fc64161c87a5a691cd9bd9201ff3e90c280eab66f17ecd99e7,0,0
2c27ea8c3ef6ab8de45847fa902d8def054c006261a2485ad5c1c0ba3da949b8,0,0
34def81852a8eca1d23372475841b82a2c4d46bb2838e45b827029731dba5649,0,0
ddee9400e24629477bb556581b290be359be87119381aa050df4ddbc35adcad6,0,0
bb7060b246bc447030dd8c1cd82c4bf6f8b4ab3a2f9165694e5777b5a6da5b3a,0,0
aca45bc2dbb29610c9312de9326543d105b0317ef2d50675c5cf415be7470bf9,0,0
dd364d710e7a23b38fc53eaf6652c0fbcc9c1f65087b3a2932a239b9baab5765,0,0
a333432d99f3c294e2bff6e6e641a3d798537be03d6a9f5400043e3ae02092f2,0,0
b3372382245bda7053a66138f15804fe581348e3fbb312d53f8a80124b7d27f2,0,0
42eee63348d900fbd74eab2ee34ea5c62ac9de67aab88a61f21dcaa8b3011b1e,0,0
8e8e6c12d9400be5f46d605a1d7f0666428c33e8a955f588a80099a8c7dc0ff4,0,0
bcffafd59d9c81703cdb14d7b83e173fad65a745ae457183987302f4a5608a0f,0,0
d263a5da3b2751482f28cd49e2e8e7044fadeda19d09f9331086bd164f314f4c,0,0
f8b452380b80ab018e403561f2b3b07977bf62d71e23272356e0584beeed6a29,0,0
4199f0d738b21540ceab821d808de835b6907855fde2ab2e5256a00d0a13952f,0,0
c32a3e3e76f400fc2c4a41c693e0d610f9d167f1784f5dd387125712483e0e9d,0,0
1bbb7102e3ff26342c4cd259952efd4dd20ff62314e7a3a92a4ab7c546f21f47,0,0
3503f59cd6287891e4e51204e9fa96727d8f11065f2a9c2f014bc966b032c4c2,1,0
0ab7eeb9d2cfe8965478206d10e58df4aa1fc3d525bab1a202bfdce074d934e5,0,0
78e988cf31b377e16cf587523f5be1dd861e27aa9d26be85eb789c4292f7c608,0,0
b3b1c9a022d4f519a8be82639bc820b09a0c49e4386fc06128b53c9c41a44d24,1,0
9518011746eac28fd832d403b899c8df1db4b4c3d5907f78b03915695d4db80a,0,0
858fda77de80b8e31080cb1dffccf59bd678e8bd7d5b86517674d488731fcf3f,0,0
339577bfdf22fa625294cedb388636f0d06b0de8e4f4d7cce1edc66a15cd685d,0,0
60411cf4ca8d8393f4157380ab6bc33f4c64a4864c0b6152166894712f872e73,0,0
d0acd42969060ff30595db021b02b8fc901078a48e7b26b703a7352c3b2847f6,0,0
e84b63758726fd37ef5c12e08393357eee62d07b447c7eea873bf46688cb827e,0,0
8b8131d24c86308fd22dc600d972312b976451bee7055bd81af4b79d9ef53072,0,0
48be405157373f8ab8d3c9198803c43f32464ecf09d255b79838e2ab39b92683,0,0
4835dcf99a9674062aa89cb9b0b5a2e414da363aa63a9b64dfdb35828df961c7,0,0
0e073110474676eb408ddc11816d4be79176057affbda9671ef557605a16f687,0,0
3f5c7a41610d7feac3a3e2e04ea45073f592765b9da3fe046567a8874ac6d8f4,0,0
275a26e55b73e9ae359e2b76e6277e47c7b74c9b53636f3035a5c36c41c24ccc,0,0
3c6d7b7bd7c18014a6497127643bb89fb43ad97c6de49bf9a01fb33e5213aa49,0,0
0157a08ac9d8d282e385d109ffcafad9bde0469bbd574ea8a62d5cc3151fc1e8,0,0
8facdbe4f5085ca6a2a34017dbfbb3af5ba963f704d97b1f8d1e2becd8f2a6b5,0,0
959df5b5e77a89e5252bc555aa7d81e449d98a4e7431c0a48f07f26a3f4ff342,0,0
6db54dd1bba6d58ee48d52f8d1bfbdb0f2ab47bc4a8c6d067cf4b10ea0c8ae16,0,0
5c39c71b6cfa2a580ea0dbe6207e9d9654a5b54442ddbd22aff2fd78aea21b14,0,0
18ac31c203091eb473d28e64dd906d9af6916ac4525ea3cbdf96d821e7d0263e,0,0
bc1390dca6971a0bdec447d93b69539e42971b38c1774dc3a8270f2df59b6d6f,0,0
568e023fca1e40a96774bfacba851d4cf9651bce70530271764e56174352239a,0,0
0bb80f850eb2b53247f3d89259c2c53a4ed407bcf1df08b5394e93ce8e84e4b0,0,0
3b86dedfd993cdad12966de577998e0617572d50ec41d00659f49606733eb47a,0,0
dd33ade7f335388f0ab6452aca8208b33bf0ac0e5a5106f6790116510b71be1d,0,0
3d3ce41f86da165c6ec3a46d502772129d5db9058b9a1f45620ed2bde9c5c6c6,0,0
4c009f91e2df87350788768cd0215df9de253f47c63ccadb7620aeb41b57a71d,0,0
73707ad1b8fda183fe84ca2c5fcdc8a02752efbdd69c52fb592c791789293e4d,0,0
83cabe0c48830005dd9e7854c9b10f5ea4dbb29c289edcc07c061e0a95616694,0,0
726a84db1bb69d3fb571e89a2d4aa13990de0be8466d341433c506997e12d391,0,0
8953c7230334a6a13f17f1256a74c7d874811f9b518a76477705e5582a4541bb,0,0
74b5fc4f5eda856b536073bf7a1a50ea9b3e88c01204e95759be8414814ee9a2,0,0
ed88070b1ea992b6858b9d822cb2c2463a8a6d9b16be6971e8bc460a26070fbf,0,0
3340308bca2a6b9465b9c3fcc68a6eb4693b39b9ad2ad2550b3dc3c1dd37135f,0,0
9a89a4904655e941ceb54e486d4dd3b1844ef5d65d2c838a9d103ef79ac05bd6,0,0
9de1a089f8c6103e250f725abf707980b5067da5b128d05fccfef24b6e9f6ae1,0,0
2dac27e8f1b8789b3a11ba944b1f998efdc2a914c89c8b1140b6f4633c8b8eeb,0,0
dee100b9bcd2de51a67140d2e6a4da7cee6b45e119f6c0b3685fb4fc9003990b,0,0
677837955025b97ace64f531b7fe66bdd0dbd90049f5d2e229ffd0ca16c6ac24,0,0
0f42ffc3c262231ba00f522e722039417980fce1af34b6610738e9febc2e398b,0,0
353a0db05407bde293d6b25c68b48b75882071cf3df52f289112cd94a5fcef77,0,0
6e34350a4506231196cfac4d3f68f49e0f327f0e1855094e237692ce1a6c5d25,0,0
f89f57d1b118bb6811f2cbb54e244838bac991c53a90fab35fadd451b9fdcddf,0,0
d1e902fe33d0069c54eb5404c36c61f3635fed1f5786f850fe4cff70aac7defd,0,0
c7043bff0f277154b751cc26e14120d8de896d22dfbeaa5b58ee8613af320259,0,0
65d09e04a564b1d298a553114c45d92f055c469ba5afbf382dfd056fadd8a411,0,0
d42256debd776ba9607c6291209665934123ed097b8a026532fba375893f363e,0,0
35e2c8af3c01a6eb6a580328ba5cfc2b290733328a8685af431c563cfa9f5cc6,0,0
89a9508cb84bc20d4e70d4c680bc402eba15525cb077df16b57661454f0c8e38,0,0
b4292bdb6849d5a978a94c4f4e0ee951748f7696a7f2719a1b530b6f56cdbe7b,0,0
a783344752a71d1638cfecf9fe25da5c661e2ff97403a157e985e4a0449c27f8,0,0
44775868b3a9114640c9b42ff8670e07581cf6f15b34bdb06eaefb050d95009d,0,0
63bd8ba8a7389f4ff9c1877a5d2d0b677b93c1dc3ddf6f965c9d63e2a2e5beee,0,0
b181f4f0d9b2c15753aaf03feac651373f090efad22ce3d0ef444e7962810071,0,0
cec26c6d72fad5da55cb086f5b29b84522a995a1ece67927568a9b87a3faf5ee,0,0
3f0bf867cdac372c31ff140420a269ee4ae65df95ccd69e71040ca655182c4bd,0,0
b15cfb8a3f290d9196184373947a7d2592b2160dc46325166a85ba767497db1e,0,0
f29305c235aff2ed5481453d18dbc7e5aa53b9796f9fd7700cb21193f0846662,0,0
a52b55fea25457eb968c35924dfedfb9afc2db3ac0abf8978a2ed110166f5b2f,0,0
f2a4c57248cbc8b8f238450cca1d636085d945e192d3b14896e4bb335f4b4131,0,0
5fcdfab76f2649e64852c0f17997e2beba09e8a56b9020f3f88d8d565cd5a5dd,0,0
d0fa08d2fcafc33eb2d10579f8b7ca6cfaa32e8e8b717656aa819b8110406591,0,0
acc3a0a87792b63b87f1d92e02e63802b1ea69cdfb2b4d81cbb70c6605fd48f0,0,0
fe471ac12167868595613c6d99131ed80d4f5a01132418709c398b076ec7044b,0,0
03ebfb849e8dd12c2fcc63fe1394302f0d1329b7b813ffb36944475cb39d80e5,1,0
da20cdc4467c18bf35db3604b8e539d2d0e6c781d8e770be2c26e6f782ef0879,1,0
cbe54c1366cfbc70700b2c130d96ac19245bfb6e4de0b5c37ab57d91b333aae8,0,0
8640b1d677457364968b644740390a005a267f19ea1246952b1cad2c3394dfc8,0,0
7e8dd6ce8a961f1bdc71f9e6ac0ed741cc7032d20473c739252648b192a1e7bb,0,0
19c5b4d0e49519c55b999a9b9d17f7544d65a11c12970e32d2650283f51ce700,0,0
4c552a894e362ab77661e48bbf3fccc80ef9c07cc2f1afccc0a80ab95c6ab275,0,0
9caa168b4039ff50d539d03b8fa405bd8a4585caa72cf7c0da92bc22f808e73a,0,0
6cbbc8736fcb603d1b787a2d2c6fbd3ea7f1c4b2196e8f0cc7073505c8678830,0,0
ee2a155a1cd0a9d3170bc5445f74ffaf91c968aa2924d2fea37ad9e4da831c2a,0,0
b799cddba95c6efda6c9c3349b3dc1a8dd3e644f5c28f8d4971a506933ee2e72,0,0
3b28c760be0e648d2a6f897c4613df555eac31041ba05da46f1046a599c46c39,0,0
f25102798d8643335e691bb7c96f301f2ef9c3aab8a898e735ebe8c8920b6bb0,0,0
40aea9b30eca3e5cf1c2d31b901c71c14f784d876163f8e793127bb5b12c60cd,0,0
d4644c86c8d822ab682607f7fb0a8bef533d217a6c4c77d32a26e5609155fc7e,0,0
6f513899069eb90b7bf7a6df6812fd317dbaa60eb252326e69eb1d62db5fc789,0,0
3c06eeace29b19af3554c57da0f273314a54d7642c2148c9e263888fea550580,0,0
901b056a487a463b24c1c4bee4f72d87a71b78b7d6034dd5e84d6faa10988b30,0,0
91c8edff6c894d27f67f65cb51997edfca49a1f1546f3e833d9c4aefe33ea207,0,0
38c95e4af697d3a3f2aa9f47cf726f8be4a0bccb565f5a6f4a6f9c8442d1ca3f,0,0
75968eac013d12e2ef26b1c1d2e6ce0cf75d326fc49845626e1b28f4e73b5233,0,0
65555f21613b6223f32f063e27aef961cc8830f0acc55e8b908eb55d059a4866,0,0
1916e0febdebf93e991d0685bd81b5084430a419d7c8fe0ab3bab7033e10afd8,0,0
c74bc55376d7e0e7e71988b174bacecd836482bae277a5b5f8ef25c5513455b9,0,0
355abdb131d62ce22ea268ee6ba2e7a8ba3844cbbf7d431790206046460be1e8,0,0
b2e6979774a28ece8a2cb13c05f7706b6b4e4826954907efcbac9b6f53474311,0,0
eb675e708c56b3da1bfc04400d8f6e639784669553ad1ed69007f48379e8c828,0,0
d706fa4f37bf048a28e255a63bf6395bc7ea004bc3c6a53f3d7907c8476855d3,0,0
571a6549c4a48dc36aec86c42fea4e84d6b7ef0df61e8a3417e2d437fbf7e4a3,0,0
a79ed2f59694a64a13165037cdaa5d41aeda732a5a95270b4f795a9db5bc39e8,0,0
0ca04c14095716c1358a46d03dcb7d52432fc012720c4336bfface7d05c176bd,0,0
873bf3d025e71978fba3e7b132c32fad773bf851c8490acf08056fd3cac081b9,0,0
cd7b4523d984a0dc331b8c1a0121ff01cb7730bd60da46e9f4e3cdfcd4d3c937,0,0
6d4eaf6301a6b76c60c436b8f797c489fde611eb011fd1507fd54c154d7d3ba6,0,0
fd4fcf23de1f691afd11815c9d1778490949abfc0d27776e8725cbaff9945a19,0,0
1d108b445d1a9902af39dbd94e21a2539d4337c9c6acf7557b20ba5e8536e55a,0,0
9d031478064daedbefb2f43dd414f453d8d2a258ed9fab9296c4cedabc0083b2,0,0
9ce1b1ddb5a00eb49dfe6d70bffe26db723e19df48ef45fe6dd8d6c735eba636,0,0
48c3540a45695fed8abe8f99fe5ef98017abdaeccab64ce0586c35a9f565550b,0,0
04105b8eca0af2c3902dcdb0bd1446b6cee4df55c73fb5b94e750db9cce337c0,0,0
5fb6e73bebfba71df7260c39bd99f48f427af8857666169a87c16104c0642115,0,0
7560104cf360b9a3407e1065656567b19b00c97a156c05299c16968746dedb4f,0,0
ba05c8d4a174d2bbf2b36666f794bc2b9bdee3572f8afa9a2ac1491a57c35cd7,0,0
41adcefd5aaff5e89c84199edcec42185a17eefb55d8112941cd8e773a8bdd7c,0,0
e5775ddafa341821a48af38cef07ed98f7f547fd2f7f9e819a4ab3d9952ef92e,0,0
a5bbfe8de13f63ade5284cfced53f1aac78cff1251b5d8829c146e6330c611ec,0,0
cfc1dc93206851294668b2967e6661a8d9319ea1fdc29861b43c1c9deefb1c24,0,0
d5bfc7bfebb5de734de5dcb57e12eca351791e0c8900fb7b70af5bb350ae7224,0,0
e33017c43e05e305e8c09574b8c07b7b5a3b4e7fe978be973ce48e94ad96f42c,0,0
dfde415314ef5d15550d8ba05af665c3fb497dd37f3f15ea6162e0c5a64d976d,0,0
9a085c442c1a6ab68b94bb4bcffe5590daa278023236baf034ae8259c2a55b99,0,0
1819d56f95412cd1a81c1fe1cacf7836226940d099201989ae272f4f672e69e6,0,0
18f1acc4d3546cde6ec137b371b4cd93a1a2440f93c817543fcbb74042043408,0,0
7dd63c20546483dc8f4aae4a48efea983a2f28b65b5a7322be786b68b41981fd,0,0
fe9454a2ad30757350d58c7595933b057a70384fa6625e0361a582e7a87c2dea,1,0
852585742154bf337a74615d0712490dd192eab760f5bbd8545729a1f7362ff2,0,0
bbd1b6c8e75bdefd8d96f3fbff06a4e68facf21ec5873a31570b5e920d9638b9,0,0
4390c304188e80f56e374a174de498224465cd7ea5d39e0dd23fca9785a2741c,0,0
285f98e2163853eed7924e11a5ede839ec781ce71e9f8f68161c04da2f65d7a5,0,0
8692bbeb2aed872b1e75826b0babdf9994bef41e468df0a91caa2bdb2302d97d,0,0
94cac1c06f24ba71f3d237ceff5b0a4d11b2e50454ffe5635b6e67a323ff12b2,0,0
da210bc4d3ad0f132cca6179cbd87ba21d6eb31f0333d3956fda12b55c1ac0cc,0,0
eb9146bd8d1bb4b8a68750b2cd64c2e1fa7442cd35562678685310e3ee3b4c7c,0,0
14dd394b05a21a1970245deb131dd60d2be240759ad0676a6bfa2f0249f335fd,0,0
34061216989990e1852b63b1343ed4b142e769d5c9a0c29f26cc10dd293224e0,0,0
cc8784af03c25d447004a4629034c3ea75c6d8e9dfd67d7992f5e2a112ce036d,0,0
610b95d8a181cde0e74a30c417ebfc84e359d3e4900b17e5278d0b14be8acb10,0,0
044e0e5cc435bcc06a9743122051757414180c4d98f6427b599052bbddb21969,0,0
11d6ac77a0827138d560c13bd921e55f3654c2e8b203e821f01553a2839ee963,0,0
d6043ff8c97fb4a9fbd728623dc444ce58e80168299a4277f762773e56c170cc,0,0
7d3bc9946e0b5420870a7513e2a0a02babf9a743b4bb72ec1e01e2c44f8bca0c,0,0
bca2d4120847e941788f8879428789eb05578a4a6e4e81a8f2492656a88c7625,0,0
6fcc7f5675df85bbe608cb2aa214b1d0ae9f15dc9524706d31c6f2f68b1fd21b,0,0
6d9c369667151cd9db6978e211083e9a0131ac505729e48d4fe52b1051961b22,0,0
42a2ffe1a3c8f2cf88a4e02ad43316c6ae84c9bde7d0b4e11dc891c3a05e148e,0,0
3a7de1dfdbc62e11a113cfed746c7aafe67b5de38d140fcdd927c9e0c54bed73,0,0
df89fc60befa35933c270c480b625bf7577f127a8e2c49c9de2aed54e6e2a31b,0,0
dd7d0b69ce52ae79f94fdef550b5dc71682d26bc5127651a008d9b476d83dee4,0,0
ccae417a1a1c7d9182c8f930737cc51e1d8b53bacfc2085d5ae9f4540bfb58ff,0,0
d3f1df929f55e426fe5493441844fc6ae15cc869a4e87371459153e37f6e7cfe,0,0
280de28c75b0f36f2376e4bc5a7cc1d3bfb4f8d9db752a97fd7f7bf08c05f590,0,0
6896128d7e5b4347dea615e4dd97b4a1d0b855d9ee92f3a6ee425d63c7118272,0,0
560ae07f9f141675903bbb4323ffdeee3ab9629e605de76192abc8c14132079e,0,0
3a45d7fa0bad7700a0e16c160a721821fd9a1edb3d9c181740b3cffe5fc7e875,0,0
5a256d43c65886e75f722a748dba89d00fc87ca642353cf5d90fac0fd2a037c1,0,0
ef679f9a162c734a5e70382ac9253113cd616eb3763fca7e2c86bb92743c9b3e,0,0
4266789cef69d1e023f3ea162c9de2b3923abb1673a7a9d6e1f325fa6ba19d1c,0,0
381e3ab19676755dbffc6acb28a6145a65d09e83104b4e74a43c48e09e24c62b,0,0
4926e87e93f38a2a90014ed11402d40e156da69d25e5e8243aac2956b6119614,0,0
b37593d381a791bd197875982882e8ef80ccbba458ede4aad4a04188a30d571d,0,0
07fe8620c69c31e9a1f08fb3fb7bfab20bcd6042759c1072b25337bc76caad38,0,0
71c4b81efd1718323dbb62f87822d17f45a6550e8011c67a99b61b0a2c1d80cb,0,0
65e9b0efae7a4188f15ce873b7c1b867e138e5aadb0d266f7d9934dcbcd9b41f,0,0
db8b9b5400a72fad6c48a1f6d3d60f675507588bb15e694c96d58f51dc1579bc,0,0
b45c3f914b4ec2bb178ede46c712322c50a408901b899d7bdf85e891cc6369b1,0,0
660ee7623543aa1f5e364ee8dc36fc866eb3799066d915a3a960ef25db0824c1,0,0
237286e20bb3d772691d75d3ab21bbcda74372d76ca90f20d45342fc95c6621a,0,0
8d4a755bd43c1d0eac02901342e0380db1cf1183fcdcd5365139c104bb4187dd,0,0
8178c448cf73b497ebc638fad67fea656a323cafdc82f6f02941ff3bb0f3e569,0,0
2357da2bdf9d51941b45e46d88bf387f25d6f2ebc7bc9ea05d14ca48f35b42df,0,0
34c9345799c2cf3c7f5d5b0dc26fceb7416e4bd45d00980ca1ed5217218ef737,0,0
41b733d5d7ef81254f773600fe803511ad3dc3a030eec7a9907ffb01d9c146a7,0,0
6f5ae16b46629cf743b2c714cca67a66e2df4bb5345ef37363cc08b7898868e9,0,0
612743ed85ef1001099c468d18bd1c0a27460039f1c2f8b883c4b20ef2e38f24,0,0
b22d123f2d01128bbd854d02bf53fef023a1ac36b4c415fc0e09edae5517322f,0,0
0bd7c1c96457eecc00b2956d0e626a512e47f378b583cd3e9b8d9daa590abadc,0,0
64166a50de762a44fff2f6c28ece6aeadb7aa7e1ee1400a98a767c9d2724de5d,0,0
edea4e8f79406a5c5c4ab35257553d0ebda286e8fcda4bfd6cae7c4cc00ccc80,0,0
33af2d2f2ec4b874a5ab8d1d60041cc20f381ba3ac29338ea7d0083fc9a8aa3a,0,0
2d92a5025f71f103138d4d7ee33aff5dffa25d52aeee794d1893375166be8d3c,0,0
f55eac6df9710e9cfc7c751e34c5544f99e05379e84aaf6d80afac38fc844da3,0,0
375c9bfe2b6d18925aa639a749547e571803c805d19977a560abc4af32d1bd94,0,0
7b1ea7d46104855e5424f004ff513f6c5873a570e9afb4bbad17a58739174b8e,0,0
48a369c43f218b359c2c7827305d11201dcff007e35c22154544da506a0d0797,0,0
b1fc5ac3a9228c594c92e2889044a526ef021f0afac93969d26843aef7c0a222,0,0
6bf2ea0d6838406060bcfbce79aec36404762b0f1657c589c7a82b9798bad2d2,0,0
8932d0c03871e3e9571a1f3672d09b3da6114b97fed141fb4c5b4bf73f3c6671,0,0
78d827b0f1faf167b87d01b6db3091ed43559e3d52a68994876f99d1dfb407a4,0,0
8a11c231d18d40a256c18cafe80a45ffc904ccf6dc9e91ea21fda0b5ce7493df,0,0
2cba399fd1ef96e16b1bd878fd6481d8266588df27e311b9f0748686156f368c,0,0
cf58674a4db43d9c67eb4034643194b5fe33ed5e88500219d8d7626f213ecce8,0,0
7381c1c84bf7f7d1f7e1a0be54e9bc046333d741dd219581cc3c53bf96568578,0,0
30e5913167f4b5317cd63137cbb29f72a77d8570136db681038e3cf29229d8b1,0,0
ee860e61957187bd8ae3057fbc6839d0428b33c62b37eb0d02dba7de63c22e2f,0,0
45e9af00cbe9e065cdfd4b82cab55f6784f1d22d9fac814f9b1f65c8ec4de742,0,0
b9427122ef2307ebcc0e84d9f5a9f5311f2cb8c971b4042adc19273cbc496010,0,0
0a8f1986e887d0ebbdcedbf6e815d91469f389f7fba8611ebd607f74f568ba53,0,0
d9455e4d7798537fee3250cf7bedcba5dfdaf23545f7be49ba49d18b441c4b2a,0,0
602be273385e1e48622a97b5f9dc3f32eca425c6010455f99e69d44e23fdbfb6,0,0
6305b052d4f8f909634d380938cc7251d3a4b3ce9acfa6637b9c238e03910170,0,0
0771f68b0af71f6be5a32d1e1b92dd8de3f86c444b1afd2880827599926ddf2d,0,0
00af88006a6ee3e6481ca74e5593080399c0a3c7489d1ef60517455306b2db09,0,0
bf207fce970922a03df72122b12b20ed7c3a1f3788a923c0ca350e9f16adec16,0,0
b2c791a9b0f0007285a0fbb98fa42a0f63fe3bdb1a331b2550a5ebcb4b634901,0,0
fae576285620f16eaee5016591e116f48b7ee183d8104c3df55e7450ee4eb068,0,0
f438ab9d0a51f3f3f45f571d076a692d623202325659375709a2e7d69736d870,0,0
12e77629f9d4ad4ec1d38e879c9dcd29d999634363b558a0f30aa0c0cb2fd543,0,0
554a7b54c80a4080e58a0591c3ed869d04991aae50cba4f860d02161e1b78010,0,0
e753cdaac93f8904d8d0d5726eeb6babb459b0f6c390911439808c79f8a150f8,0,0
14672bd3186b28b8eabfcb119a3ef545da52114025ab6bdf04003b12e8399b0c,0,0
9a29a0e3db294ca992d9f54e3310d39097b593a8c6548cd26ef2176780a39467,0,0
c58c5c516415d33edfa486a7861cb045ef2a58537324c6ac5b31a8ba7fe3156e,0,0
e78bc1e62b2d10db885cfc737ebe4c6bc62c962be6801ccfdc1cb0dbde96fb81,0,0
9a5a0f37ed00031afc2f7b04176170d2bb9fc8fa791e5f4c47817f167d999cdc,0,0
06e7f5e54fc8a1d9ed594e86897717e052bb9d049bd7e1fcdd5a59238252d53f,0,0
48be4ce02b4ad865f78b0c6cbacf447ad498c88578fef591c8488e67066eb89f,0,0
480ed4cee5d66ef086a49bef0db1efc34dea85f10c6572cf52658d8da04b3745,0,0
910c3e522daf863eca510f6ddee9b22295de731f7eb34bb850b160c91d87e547,0,0
ce5ee2e071cdd1436d575435fda416a95c0b594acd2ef4fd9551db790c2b5f09,0,0
6044f7e3340b9cab9ac16a666b6632aac3f870c4dd400b4135242f6fbc20c89d,0,0
1e2b5ffd1f5c7777f60c38db4800a8b080dde79a7f6513e031b49112ef85d61c,0,0
4315ec438ad37db583cbf218a11fe01343db98c7d6b95925a9e9518b9ea57734,0,0
916eb4a2dc48be5a2431aae2040c30dc1f97b868361217630480dcd3d6f42204,0,0
badced7238d76b732d6d0a17ce4cb73c97faa535ef44ea441a1bb15bf97cb168,0,0
ad194d472c032765c3d930a87c1e12ec53329c71d2ee1b01493aa0926a6ffd82,0,0
6698a908a64b24ab2d295498a593ef7ee8a9c481899cbcbcb985ee8a3a20c129,0,0
6dc23fd4999af780d25391b3f87d2397111b7ba3e66fe2f9516c9c07e4c49d8f,0,0
69067b3b841b319fcc9f709f1ece0aca9c9b1363b2e452ef1f5de75a6caea434,1,0
11a3d175dd000c2cbaa285a1009f48a445399e3f8fe93c7a3a9ceccff2ce6f37,0,0
b945ba873e85c7cbf41f6680503c9ae58c6c566a7a196904a02369ca6cbe7745,0,0
268deceb02c438b0e084f7be06715fa73c36a7bde7775da276adb69ca5d85383,0,0
cf72a007bc42e277e5d5f1d4724be5a9f8cd65b2a6858f9018f4860819c65f7c,0,0
a095ddfe524d42d0d816c404920861c38c90056a8cdb878a3ae4b6b8fc715fdc,0,0
0c233a61ecea30d84fa6736b43272453584f197d108f8331faf8fdd51f315919,0,0
70c6f2bfe4d9e4953f916875ac8bc0885a86e2d49e0a340fefcc2e5a0832e08a,1,0
7bb392bb9bc24897b2f6e263949bd52a031f3b94dbd3916223a50e468689a4f2,0,0
2a973e2502332f46a497beb62458303956b34c438ca9e97ed58f1dfcfc90fceb,1,0
0e7e413b0f55708a2e557ff70afb61c95cff24afd9a4ca6126d8b66482022e7b,0,0
b7c44644388eb5c47c53f11550d09c8e158738302ec54d4dd3d1db313ad1fce1,0,0
9a329616056a24ba6f15bec4d182ba6752f80f0f3e894c2be8f2b0914cf4c6f3,0,0
b4ed87578dcf8dc814e433358a803d5caeecd266e4d64a84e9b2c987cccd756e,0,0
a31106dc1faf0a54a85aa213e1635a06c99af4b1601e58a18d858a6dcc3b554b,0,0
349a3182437a561d632a07779770a50456bace9c90fa023dfd86ab01267052c1,0,0
2eeb0fd6ad9df57b6f6a4e3e94ac4229eeadeca55874d7787228fa379abe767c,0,0
1d9fcc12c4e178465d04f4825c0ad732a447d8dde76e1bcc862110d9f527f9f7,0,0
f4503b4e56aadfadbe6d81ba23af4c0d9226258a028442f595c93a155e2e8a04,0,0
efd8d186a3918dd39bff78c135700b81cf5b023fbc72e431ab5fd319ad7b8a4d,0,0
09e2f6647c355e0ff7dd56b8e3b1380fcbcc9aa867fdab2b78913b94cf2f8e59,0,0
0fcc903e612406e1c05a9e07fc0ef1f7551616c9e058248493832cd43a009fe9,0,0
6c604d8c453baf3476a04ed7bcf972b15d9571517cc436647a7256656efa01d6,0,0
3d2afdbc206aba9840f9f5e6cacfc2bc73ce9fea16afe503c1d4dd109945f6ef,0,0
85abd8ee6df7703745fb8e8a77aa10ee92c0586f05c1c8ac26427f16f333a11d,0,0
03988456c57913bf439b459ee0d4fc1f2c0f403c44a302af89b1bf120251e5c5,0,0
0ac60e34bcce7f9b195ed61346a3f7e30bc5aea27f5d9028ade01d97fe8f1b9d,0,0
6cb9d8788517285e2a24ca7ea6a2cff6053bd9f9f312f7ac9484686b5b0c3a88,0,0
18fea39d71c465123cf0493e6722b5d229edceff8208b595c2159ac44fa03f63,0,0
4895192e830a45dc8c485cd0728ab939fa76d70876b06e45322694015468394d,0,0
2a13421e37b77f00a6bf81029616327c2de3116398b68f299f90f94aa71ff6e4,0,0
4029f5c55cc64f41cb5912936d89a802a2fb696f2acc9bf20370dd76ed4656df,0,0
b636d2087ffdfe060d8ca2b1cd56ee485c89123bc6cb02cee233c0b2942aa857,0,0
6fb5f143988c3573bb8d2b2e04f3b8c021791eba422ee43c3dfff51e6dc3bb05,0,0
204b0a853ae99e5c902ea2948c2786b6ef5192469ab67000eaa1bca117528f69,0,0
bb4b7e276128347f8db5cfdb5eb572402a9de93b0d9431f335ab575da9a3e2a9,0,0
560df5320819be6580842a817f6d402db399d2115f38ff1e33bfa26b9e355d3b,0,0
bfe42f269176c21cf1de88e21067da9247c1f82d3bd76d099b61fde2ab904edd,0,0
7857891240e4b01c5beb9991efb0df24f29e69fbbd83464c19ca5f86808cfa1f,0,0
5c309c0fc81b360d0be008fe9ca342892d484b2e57a09cdcb938ea3b50e54423,0,0
8cc7c0ec88c5bffbf6bd846d54a97504f5b4c425e72111b285ad51ea66b303dd,0,0
af50024436024110e42d205ce4be8181b2cf3b0003429ffbbcec251e9586ceb1,0,0
3b23838c0b5831c9045eaecd8494279f0f88b169fabfc421e43b416a4bffe7ac,0,0
5b23a150c6b64b8cdba0c3571609ea819b46c3a3fa27ef3582b0a8c2def17b96,0,0
3cd4006c5e175b08e16bf3ced81411ec02ce1d6be8b7eb80ba56527054bc6b51,0,0
22ec431f7236dc8075a776f72ae095caaf1a01d81c6580e37a07b5fcb46377e5,0,0
90440f850fae2e24d486281e3f0f2c905c1b045ad11d19a281dfacca85db041b,0,0
673c6b79bb9f94e30edfa1686ec00758ff32d63b3a02b210948d4bd5266f77b1,0,0
382251f356bb1ef48bf83afd544cb2b5afe565b2353c9a9a66163fd32d3c817f,0,0
6b6e22d883fa68769f63a42bed2a6b8e46b34d241f43424ea73acb32c3be76e9,0,0
a35bf8e53946ab9fcb9da33d511c9ca414d4564f9d780749acaade99fee72f28,0,0
850ec9c61c40145d9b4ea772c84f02590f0d45a37a4119d27563559cf8f29973,0,0
524442537999ffe1fd703cb11b20cd8d1115e9fed24352eccbab48d57de0aaf1,0,0
1673aa739e019cbaeaa5a7314cdc035cda7961476452b4c75a63f48d2abcda5b,0,0
c10a199eac2e0f31eb903f5a300c2e5fc082059f1e238bc807aa6a29ca115c2e,0,0
895565c40890ae37e87e0410fa809b7007e96ebec25b89909a289368f2347301,0,0
8e67bcebc2765625b25ea3b2adb0cc81048f3013bac19ac2af4877b6acefc477,0,0
a02f7de0278005ac997f9c3d9c1d716e47760384e84d12d89cd7349f2ad1df05,0,0
739bce1b947b98df002b2b2a783e3fc4c10504d98fb4a3497efa5b038d8980ba,0,0
bd1988e20d3262b2561ac6c8167e45a46cd5f76b0332a05fdb2dbfe38343d5a6,0,0
70a34131390e10bef1c9f15134e4f75dc2579a0116082da30ee9944e57f54d17,0,0
c67287e43620b327fab36cc52712bd70db23a27a49084b7cf006750f88cff0ea,0,0
dd0925b05158fb5238955171fb58e3905f55d25f25b53ffc2d23e691f8661c76,0,0
d7a2d6153833c0644a34e506f6f3dc04fa89dade89c8fe699c2eac6460bff283,0,0
c4564a5f6dd54ee97fb5e845a32c486d2c3889541dff0e8167e745369929dc7c,0,0
dcc91e93e686228616353a3882c5e3a6d6c4c5af8c4957f71c1ebdb3bcf4fad6,0,0
ff6d877493755136071ac1b870f671b8f56dfe421cb2e3163dde726e77a3741e,0,0
36b938f999157fc27f5a8b6af24667b5fa9d16d46a41aa1de144a70b239af0d1,0,0
b265ab6e3f49d43c6fb75742b68fcb2e0900330a430f348ae7267655b82c4d23,0,0
60ded96e7949ba09fbda98fbaf4c0bf6f449274c2e22169f069cac38448f425a,0,0
0dbc0f2606b274f0ff59184942f2b46280bfc92656416cf40c04a7643af7c970,0,0
b7f8f7ca9d25567a39bfbcd1b06937ae500d22b7310cb46a8898af24c6cf5e20,0,0
688d8b3fd62a209264880de84a99e205eb55cf4d70ec0e78eaee49c51020636b,0,0
82ed7fd2d8a629c5a0dd461f549311451a2ea927c7a53fe5e5c90a27f28ff163,0,0
d238f9442af09c25153d135c71d99e1436c89927bb577160c928fd2a572a02e0,1,0
f52fc6e933d7e19212d938d1eaf97c2faed32b6b232605bc6bc9965ba27133ea,0,0
48f76f35049d8adf64fc6d2033b9a5f15f80b5e8014e42acc30cd8c50ed5db9d,0,0
975e4b213b2e3f8243feeeb0accde6b15340324e3b744db7e5eae3cfceb5e1d4,0,0
fc608309682d5877c3ef6d64b3fd6df06d387f4e2f409bbec2d443785586c168,0,0
52fbb26e5aa88d89b1f4b722856a0330e0710a8175b7db452176fc44950bccbf,0,0
a1cabf9ea21d6477eb3d3e5a576ec33cdafebe9760b2f150c2e1d942fde0250e,0,0
02b75fdc87c482d9e7674f7aeda4a7e5456ee6c755ead6937a49c64c7b90014d,0,0
dc1fa61693a5975d3820c7371e9f43a9db2d4a353988d89513c3b9c1fd3d5a37,0,0
484823912425db848607724ca23e8c59ee41719864227f17d6450385954dd272,0,0
0aeedf77697e53274bed4f19bdff4df11f4a34fc7ae6bc424e02b21a8bd13344,0,0
1c05f472b6d8ddc9d6fdd2155b952b74b46eae2377261973d0915e2c165bb6ff,0,0
53a56af237f1cbd3cd691b360ec0671abbe8f1e243746819364733e6dd2c4c20,0,0
24b3dcfed92f4d59385b2a308f4c810a74999dcad798b72f30391d62d38d9d14,0,0
bc656346d56d02e32d6f1dbdcb1b8d5b59d9c561fd69109889e46f9f038d1788,0,0
5bc300c9229af09c5295b8a95914ca2aeaeb8ff99ffcac7b25e0e1c80ed45e61,0,0
cec218abfad8a62ccdd8125c17c0abe2f94769d51b119d56f18dd71a7c2d9bad,0,0
f26ebd34091097c25896a4149c20f99b49b64da1ef9fa720834ca9381e3f23ed,0,0
6aa8f0cb6be185a968db900661d9d32d857881c685b292b794d505e98c28e854,1,0
e1a2d481088bce32ae0073ce6b1945b05a531ead8e54bb239b24f73691c72751,0,0
b9aca50aa1587b9618de84f3ff6e8700346c04ed8eb0804dcc7090089301a90a,0,0
adec2eb7b474f9c38350edf4ab799d724384cdafbddf82833c144ff4247e5db7,0,0
88db02ef749ef56cd7d4859c739dbc325e0389deee3f7239b5a39e7202a16123,0,0
0d410fad1d7dc0826868eb8f4f30ef87e2dd1703549a92495c80dfee0f56c6e8,0,0
c2b2d51858f7283f7e98f751180f33192af85916b60040a1c77a5ed3e9ecc922,0,0
bf5a49fa9453e8476547a2a3a1e140f7c153ef68e3c3b4a1c23fc581904cbcd1,0,0
2cf1e8f51ce646205dcc7aa64daf04218fb7888491a6e4ab2c34dd0825b9e7e2,0,0
182e21ce1c5625533c91519084e68f4c1aa0c2578dba7f86dae581ac7eb854e2,0,0
35f8e87a99c55a68b585a8757e9533d9e2bd67fb84985d52edcce847d251438f,0,0
6572bb69f20413db2d143f4c4443d715829ef6b9d13696914c2332e6590db447,0,0
ec4b8915bc6ce10745ba0eebe907c9496e9d8e3a230cb8628889480c506c30e8,0,0
5fe0fc1450894906cc612b579da9b789367e5b29375d415e9b33a7a6628f769e,0,0
617892a51327d6e75adfa7fd8f0aeae430bd30d8a02a0a9c92fceb30cd7312af,0,0
2516046b75fbc2cbeca22ac8074cb054c24b146ab78244e9f5644df52139e2aa,0,0
14cd821a026344e51a27c627f52af219a1a3e9968055806e6e3e7befd3a09a22,0,0
4637151fc1bb83327f258e3b9a822d59b310501cabafc4f6008ce3d779880d0d,0,0
83242e48732c86cd8a06b2db64b3230db4ed8dd9730220c17e8dc34250ba1116,0,0
77ab454cf5de74b6070240b0d1109fffa4aa43fd004ee14f9493299b4a1f969f,0,0
17cc078ec2045f4bff899198bdca64309dd1e504c42180c5392d099f451604af,0,0
8b1dc29452e08eacaf97f65bccf6d85a52c686ae2141e4f7d49c8544cbb6550c,0,0
bf7510baaba1540a05aec7eb3d7ffb66602d0517f9650f6d40b307a4a2ba951a,0,0
4042963f4177791f18655f8b7c1dbb1b660f15e466e68973f3a25f5d407dfef9,0,0
c6c6323c683dee2a756812b6d1de21fe15fcd59ee5c6363234095ff1d2f4cd32,0,0
d8a45e1852d63e0b46ac4033f4d08e7cf0550e2dc6670b490b79bf5d2dedf588,0,0
49ca202fb84a06132522d9a63e4a60f79f97509a772883990f39daaa1221dd97,0,0
2bed18a08a690e40655ef1a1c8af91780d266ac4eebec75ca233d683cb44b6a4,0,0
5ef49c98fc0bd03c9e89033eee15a8468ec0623b250d0ceb1e3353483c75f11b,0,0
88131753263791ec56cb88a776c1a97a509bcb655482be0d18b672f6a4d051c9,0,0
9ce586e10f59fabbb080ca89cb984318e075e049c11c9b9350e95567703c3d67,0,0
a0364150ae0b7fcb137e5bd9c6aab1839c9749f60e381bc494cd2db14d4377a0,0,0
fc1d5cb3f5d359472a19d831069f4236f80e7b0469dc11090ede1994945e4759,0,0
debcaa1e85a6c29d459a0d26128d49b8152b252628cd7beea80c814255384438,0,0
91594af9e15fa9d29a4b42ef47d4c8b9405f2f9c77f8fdb2bb36d82ec487df6a,0,0
6c4a384ad9ba09ad1a98c1710af75929a4a0d53be3b0cb86ed13beba68561dda,0,0
80fa5ff47857062753231ff2e6b664d74c3f30c5c4c4318037872bc4cae2453e,0,0
5db49d8bd4ccedd4835e5b6ed3841a3a71cbf1f76ab7b40dea801fdf4d33f25c,0,0
1b2a43de546249c53fa6ed477cd16ea42bc1760149c186820a29509df54477c6,0,0
68e9d8fa94ddaf1718310eacafde24d0fc9d6e02788f7cedf10662831a2ae637,0,0
7536300367a623c1fc8ab4a7927018d30096f22fc8ab77aaa15b6c4e6fa604df,0,0
9eb7d8ead4d8d4c93e103bde34ef04d2a4c53c3664243934994bc5c108a7325a,0,0
e8d53f64cc4db2263c6169019c4792d58f8ad001d627d4166eb857edfe6128f3,0,0
b2055645bd7790f1afa35adffa8eee6bf33c75d123bf77f8cbf00ef6da4838fe,0,0
85cd3c286c6125888fbac16674ac12b2a7b476c637f68bf97849c0c109375fda,0,0
e88a7077240467ff180f31118f5fd40704a8e208d398d5e4dd52eb83ff1b5abd,0,0
8f7ebdd2b143462996c06a2b50df503d0337bb8b88ed009a1f6f5db5d2420035,0,0
18e461d53f94215c3d0bcbd3a492bcd4416bf56dbc8f6aa8ad9401beaf68914e,0,0
a94e87ccd5462ff9d0f0eb859c89c076cbfc4d38aff6ed5c3cc7eb3424fb1022,0,0
b99abff088da790b6b59fdb14ee79ebbe5bf2ae71d3558ba9731ca62d20815ae,0,0
21582dacf609621d8a31dfd0a9cd855c592828b8439eba40526e274ea8583525,0,0
0206e68b06e5d49fa2ad05c1ef1447d6cd17ce99764abeed003589beb837b552,0,0
13b9f99c499d65eec89b1fbaaf1c38c754fa4f4aeb11a00524134224c3359919,0,0
1d9ede596dcb0fd12b3ebb55c2a9fc56b9dae6b7da365c971339c381f4abe318,0,0
60c16c50e74177840386054fd5f649fdded4fecc2ffddf942c75417b3fd0090d,0,0
829f23572b5b188f16b1f16199100a899cf7cab15399d3ad36aa52ea8a0e9e8f,0,0
48c2bcf53ed7c6b8ba5efda3fa56e6da813a75f74e8541cb3c636d624764e25a,0,0
1fda2a10223a6d4fc54d055556c01ac656e1ab01fe1cf8c1ae8062338a25db16,0,0
cdee27ed7479730ebbc2729181787063e20a906c41b2cbd7458f405bf2e8403c,0,0
e14adb4fd1f508b9ed335d31dc5d0da576f091827b1408ed19531955ec61740d,0,0
b1aac0ecf68f1dd5017147e7c883e2db422aba11b62ddf7ecacf91ed89bd2fa1,0,0
171106fb324d6cbe2d3d6a6b1b4da03f92d7e8f1b57e915cf117f3596dee3fae,0,0
d600d7ebe2d21182d6c44804f7ad726acdef826e92d1a0be22f6d41f6d0497af,0,0
06c8825e5e22c346da7fc6ce427df518fa047ba0dd0e83aa55f8041a0ac9b5f8,0,0
96da578c43961b3bf03c0df464cf6d8faca904cf34a03b6d16e0fa106f39ffcc,0,0
66583672ca7239be8d937280799b0ab0553c43d86f295ff0f35383896bd43316,0,0
8c52041be918ad5ce8893b25957666a049891ed696257b269a69619a78735a33,0,0
609e53ef76d7ffec8ef2c87b66d119708017d01f3d81c5916be572f1a9af8276,0,0
2d48c743ce65931fa6aa9a1f609767c79e6086cc8a5237c179081acd765c6284,0,0
b65ceb6a1f8183eae5cfe4e38733607d7c1255b9018819dcdf18ad548608ca54,0,0
5e9e5e54b4410f7ca1de95a33b4daa673d88defed6d4a8632e3b82f709cf6605,0,0
b4a5c3ec88a618d405a2c18413661281f1ce234b4707144b41a8b13e14781cf8,0,0
07de327f8511fe159ab9f8c8662c3a1ef0629abb13877afa5090dd4ca7ed0ce5,0,0
9090cf7ed066a96cc07b24b391962e695aff16ce587631f2bf36a114ee9ff7dc,1,0
92f04630e8bb7cb2423f0402d876950c6aec28cc0762d5246daf348f86a58f41,0,0
3b61ad941c2081998990d5dd1a8ac5bd3d3c634e13d63767921b8077f9818b04,0,0
d067764803c379fc7c429700dacbc1f51513ececd408142f67e02216688e8496,1,0
581a5f18d6d07ae8e6f40f2b9a5747c2bd48af309deb6df8872b4376e2f7ab48,0,0
989c3923bd56c3e8755aacdf8b052b6356298699fb3d924d36ce89b16ab13394,0,0
b427d379950f15162821b92d24218c7dbc0d62a8630495bf3f06216f03850bff,0,0
20024972efcb0ca1c1e8ea029db3fcabf3628a9e2d75af9874f885fba62e605c,0,0
114426830bca2b01848d1513c460f55f2b96a069219ddd66fdeb884e376791ab,0,0
37a055a24a4161f51819b9dd32d6473a4cff0f03ca6fd49f718e529a34496385,0,0
a72d338e81c17ebe563e80449e9f11f49258781d810a3c40cf4a0bd33cc63e6a,0,0
d28e2dac7806aac5c3ed228544b988fdabed67d0f41542e47aa4c6e40e557331,0,0
b030590fb7bfd580d8d5e6790b2698917c67da3dc5efed45e11b843d89c214ef,0,0
a4fdd3f6e5eb29fb3b33a0c57d36a9ab59535b35632607ac3ad86808419424fb,0,0
93a5c89c617f9a771010524441a3a3282e20fd29c9137abc0e0359bd372874d3,0,0
77d7d67f9cc1571ff8f15cea08ddccf158e74df48e7ad3661504c8b04eeecb1d,0,0
3c3846ed3f33633d9c816d92aa091b12bab7f1fe0f2e916cf7093923364f4be9,0,0
be31f0442c0bb251484ef6e0b218da5788a7fe65ce4c81e4e965d1758a2f530d,1,0
0608b1d23e4db32c84d4891268a0252e7c8d83183f12ddbf005dd9ecb52961a9,1,0
ddcf50bcd46507328a4ec6070237cabf98250b8dff5393e34b967feb0f8cf5a5,0,0
1764ba9e6b890d9dfbd14c50121351e7ccbb7165ab8f02f3c5053e2b8e5e93f6,0,0
60b96015375f6286722ec7409b42b930455ddc5aee9887c9d4505331c3b9e645,0,0
486b4d51a07e31c1a4ea3d9c8b5814688ad913436c71daa0df92c2d72f79e0e0,0,0
61d3410db21621c24c211062f44254c739b7ea91699ad7c8344df23212697150,0,0
0ebb550fd6d28ba7c200e5245b5c23736039ed7135c89c6086877413b778dfea,0,0
a93a926ca1282503dcef0ca81b48d7fe919a3a1b4a8b96dd8e3f50e81b373b86,0,0
f5e67014d8b92fff7587bbde84ae4f67246d81981404051ade61ff00bfd257a8,0,0
dd74882992bb18644b346dc30da80b97ad9dd06c97f5d93525f6420ea02bfabc,0,0
e56b50f06d0f79192cb5b269f6fa047dea66fad707f08e54a1884104d98e9983,0,0
0b2819b8ca6cd50300d676d0ac429217d3eebe42680b30da7e213091c79eeb77,0,0
0547e200e06e7ac9b3ed13d777452a911e8d317bafb0825ec77473350f21b856,0,0
429000d76ed43a5c50f230ad969cd7f4a0c44d748812e46de27a2e58bbfdc295,0,0
e25bcda3a3041dd989ec72177846f96aeb9726d4d721346b4c865b40eb21fb15,0,0
64b6dd562010a013eac9a4fb87e6254f1ee67476cbd697f4d3cff0aa0584bb43,0,0
80b2812c27af4af6cf6f381e96f2ab6b2978e5bef72a6b66e69cc8516bd6056e,0,0
ac23255e310f89f6001fccbc1af3942a102fc73201c539c6f08133504284c825,0,0
ff75c0863a889063f071c7f8751d8a7790720306321f3e9d28ea0f2189670dc3,0,0
3cc081532118d27ff1a99d13f404994672dde9f2ee6a94192f83e3119ab08b2d,0,0
8705e05113886a329c914f3a7eda64527d2fc823d63df7745256414b2a903729,0,0
231877c632d23ad350c786bd6829a6cac3ff1d2f3309ff58b1c9d05df1eaf761,0,0
3e08a030eff0ea6941c1d67cc8295c04217e99a4d4870c977576504409a5f770,0,0
63b453ad770993c1e9a263c971dd87a328ccc11a7dc668f79736f5f612bcf0ca,0,0
dd11286c967c1e213256a9841353ae8e13afeae8452e87f30d6eed1dea914a65,0,0
07ca0ce5bd5f0577794b714574b213c8c59aea06fd38381370985729de4d6700,0,0
68a80761dd4c3f509812eb6625766b1d897f4b411ae615e9c62f03c27ca033dc,0,0
c40bdd4c3c7af8645b00bf5e90f6d7063c852d8fb89804953a7720fbad0fb51f,0,0
9f690493260fddc0d243ca31d5ac9f45875c5a3e909f1c8b771dd6050ec16f10,0,0
c01dd0011cfd35b20a052d5a0c4eae8b688763d1036e33ab708d1828d3f8995b,0,0
7c1586ae14ac05d5ab0f614a4fb972b4222178a7db21c5ded2ee8ed84c11cd74,0,0
07df0e752d2b853339f2809295bd8f5e15a05e2b7fe9aa439b40b5ae7aefe64f,0,0
7bc9366abc61d9f46aa3db87772b4bfb20a945b32f1bee7dbf6fdac16ee38551,0,0
3890fb5222fcb590b221aabba742110e7dac6666ccd8ff9caa42c51496dafc5f,0,0
586e6860af97c10be2f9384bb9c035c9a9db92c65dcb8f1cbc8e7097c3fcbd99,0,0
4ac3e64907a70606ec3994225217690df4e4e147732e536419209c27280d9376,0,0
cea666bdd08116332a3c35f106d8ce0d1219e71956d56bca2f195a4ed7dca029,0,0
fe262c97f0334030518e787f2c3444c5489f4e2dfa6e163f145ce12cb72e5c2d,0,0
34a85d909c2e4e8ffd78068a5ddbe756980eda7d40283036428e1396bce0a0af,0,0
b0b5b075416ef5dba0f70188c8c459b443c591348a7f8abf962cf35f24840b4f,0,0
9697f307cecf3bec47f2f465a66800037a2cf4110d24ee68d79c0b9a9987fa3b,0,0
83620a1c278a28e6bdafe9fb9698ac36f3c7464b4859e743bc5d2936970612ec,0,0
cafc890c33298cc31894f1d167c6849a617006a817ea3e46695f1fc8e23905a1,0,0
1df216af8a75309c5e88a6ecf130bf13d9f8ffeabbe0f50bdebf80f026bbb8e1,0,0
a370007876530abb88516453dd410e049692677929afc5f521e4900c364ca1a9,0,0
fe6fd0ee8fabfd86a746ad7c4c3e8da6818c1bcf018b2a3f439f502d716518ab,0,0
913f517628f6f696958327e5427d207c31a5c6445a87a1ec741dca5a73e427a8,0,0
a962d69f3b298a17926c345f350ae7d46b042a1546e91b4de55a8a33e78d3903,0,0
1653c5ae2de7896154b2b9794aedb57355f884961fed858b1acc7d7c54df7d6b,0,0
a4c29222fb24f9c39796f74291da836581de1948779bca0c8888558bb8c13f14,0,0
9c7cf61cd5f06fe6acc64b039f0527b867ec90147a66c080b86cb2f7c52ca729,0,0
6b68350456a09e77022d5d5dc2e41ba9949b7111fd33cfe363c573e64bb79952,0,0
7a7f06a172022cb712ee8891fc0bca231519dd722d59c82b0d695ae297bd6596,0,0
93f8c0ad65e3c30fc5553c58121fd7dcefa1d86defe28383bc0335f0feb034dc,0,0
cc773b5320fd9e6dc8b503ebcc976198013275f4996249522edc247a2034134a,0,0
6203d2b7e3d71ed01a53a446753742f56e2313b91d8fe2dbc67b7f3a650c16d3,0,0
3648094651bd549cf291236bc5c622af3e75e83c88dd2be15c7c3a7e612bb38c,0,0
7c8c1d73a6f17cdd1d21df31c4c0db0ba12ebc513fd723771d727046f35cc7e3,0,0
ae56ab6af1a19b6bdfa4e7c9842bfe88d33073af5d2aed2b9ea02b323a7cc289,0,0
9cdb30688db9a0e70984f5c28ef2c09568700774fa3f3428e8750c5c480bab6d,0,0
371bca704fdbdaa104258aedcbacb3178010b175929bb9abd6917d8c3d74705c,0,0
759cad3062455b81366126ef0178e523e767802e212fa7ebf5f61b739dfda497,0,0
fe6eec03cecf4ef2a668a1d881876c6a616f124aeb7caff7e4f4a22cf43a5ee8,0,0
4ae65fbd136f663df357d774cc6fda7ad0316215794098bb3b6c9bd860c77822,0,0
58af5d8b30fe973b057564a6af6edf814b9ec318a70230296d4ea3cd4ddace22,0,0
af91d25c2fd4d8274e1e85f080b66d75d7c6fdd6d9a511b583caade5b5d58e3f,0,0
fbd34d6e20d865af7ee652e1bb32990cb4fb96e639f8d0befd6d2c37531f9e85,0,0
1f6934cb2b358e2866264d9a244a1c1b096523c6c3ce15776b97dc705a095f92,0,0
e6d23e824c90989c1a46a84e4864a945cdcadbd0c67e95de116c709c53a61f4d,0,0
1e0e22696affaa81d86e736c0495c5af8ec1f324469bcecc86e007bd28a325a3,0,0
e800119c509221521cdd40a18824642d5374b3a17fc7c7bab58d63fb0b0f78dc,0,0
0a55cefaf59a1f768e41d87c2066772bd9e8b30ab55fa81f675c90b541e6a351,0,0
7323d6e7f1554e0c35a0ee9e230efafcea52d8425ccc58b2c2d3d119aed1c1b7,0,0
cff5a9c95bb3c11ed42e263ec0f70c992f70118db43d1d0537d45b24bdffc98e,0,0
4a41e06d397c1b130f47545aa61bf02ff0be29bc8171eea33624b283ec2db03c,0,0
17dbda289966ab025b5d99b8b47e6ffc5e92ee4be581e8f0a1e29c62e82d09a5,0,0
72758ecb01c79ca90181654302e16fbcdeb08c493d68807d481c5166e0bde1f0,0,0
f86972fa5f7c869b1fd6ef491ce7327a34560e4077cf7e2ebc909f1a46c07b8a,0,0
41cfa6c93f207c638722649344ee2c4537fa4784ef7f923345031e585e481dcc,0,0
fad5e466f4a882cffdc7220bf6c9a714159f7587d494dda5898c3906e608f8c6,0,0
009b26c0dea49236879afc3a10eeb837e49175162ee7cb1b8ef537b8cf01cd4b,0,0
86bfc214385dc8ecca3eae331c4dfd56e16b9ed17da407179df8c15b552deb43,0,0
a4e42415272b0f5f76a43846c0df1e42890c63b6d4d4dfe4fb608d93d584e273,0,0
70d78ed2847225d52d2f877bd48b5dd4efba3ae02d98555839cad57c86a3d4fe,0,0
bcab79ac57d0deb4dc7ec1230bacce26db90dc25abb1d2946951cdd4c0552af0,0,0
059ba0e6612a6dcb22ba7acaca0346f3cec0ed46780e048093a39cedad0abe6e,0,0
301ef0065040f5bf97e2bbed950ad934de8a4e550558426f0b099dce9ec33793,0,0
9176016b0f6960c4abb29b15897e3d66a57224a162ec3b92cca0749b47f0b99b,0,0
2c3d839ed8aca7c97f0cffbe895346e7a830475eb9a7e0135bd5c5a8ad330ce4,0,0
d92e6505d327eaa057370faa0fafd54c97d0a682244a0056f846faf1e74491d9,0,0
32c80927bcd6e33fa84d4abcfc13ec62cdb3876f4c35facbc4d7099e4930135a,0,0
19d16b25b55385cb70e835445a1d33578aaa0e05625b19412bd00d979e1e5407,0,0
5b15894c66d041c3e1c18cafd2b5ff5e0046c41b439309e044c65b8b44817576,0,0
27996fb1feff6e8af939b0bac30de054e609c523919f797613abadc1002cd682,0,0
656cf41c8c946f8b49a50924a285d753a0c713f1ff20bdf8439d5e84418a7645,0,0
9fd606a5860e93e1fddac0967334c4a970ec4a495d9d88146710c9842b8bc23a,0,0
6e6c00fec4c6a236eec302dd29e6e695566dd9a6eaf4cb928d5c286da35da0ea,0,0
d0bf803f432d612b1f538d65cc2780fdfed9b22d3636b646446006be95117441,0,0
d026df7472e9f3e5a496e52ae35e913a4b4144ae69f700582d5933b5fc109ede,0,0
d00a47f8f2a2380eccf5426e4ca64340354cb7dd40da6cc0b3f68942914823e6,0,0
4b5fac6e79f6163b565e90491f28256be3756091081fe9fc844ebd4888da4d1e,0,0
e3a3dde2b5567269d81e470685afc25132c90b4da3f4c54ccd325ff37128b3f5,1,0
07d20ec904ab1d53bcb8ed0b40bda447634250548e85d96c4e96aa23ef3b88c0,0,0
e8bc7aa4b32fba42fb910ce0493232cdaa0d37735584d221eb63ba0663a762e3,1,0
e3fe6161d084a001d14fac2924db1d775bf79ff8280d93f2b98cc260dd8ad7af,0,0
926f8674c83cd555d9486876aea87761ea933da3bf22f862a5e287fef6d56c40,0,0
7023bb4f71c14efa2234d2987cae5853dbb00b2c138b3896271416b8503bbcf3,0,0
00ee864dd66ef0a9561d16ffb7ccf16e9ef194b21ff6206197af2a9c26386d3c,0,0
a1298e4215e200cf9d8ce05f75ac4265c7e1247d65f32aae7931cd9fc854eec6,0,0
455e0de321e9d6c1a3eeb9edaa2b3209922f8716fce91c8acdc5ff3506af6a93,0,0
d2233d427aa8a5cbce8410f67164fbd4958cac8423e057ee44036baa2ce3db38,0,0
ef983e8e22f6bfece72353a2bef3ec205d4bab210f9598ab5f5eedd08f5767e9,0,0
49cc7c97a0a0e389c3db46f0e5dd70b3e2a20208b3b4cb8ed84b2eace20c8ff4,0,0
848173e4e640be8ed6d0fb01e8d8aaeb41aec9424f03c0058c69b5dbf5081ad1,0,0
683cd24e3fb4bc903d4e8754f3f7f65c44287cfa0912b42205d9638993b4bd4d,0,0
cf293d944b4fcb608cb24735db0f7ea9654a8ed92db1084c327642a6966dd445,0,0
ea87cf6d7a726604d79e4c922f408244827011edd9ce8a81e84c23116fffb109,0,0
302f1177bf5f82b55fab11fb076529d76e1f371d3db5b93cada52df93238bf69,0,0
b07a70d7826db099a52cf6e0ad5b178872316d36c76fb49cd683cd375f180e18,0,0
803060dd51e9e7839464fe0d3f615e753d143b4c97348c8d3a1c6584e382469b,0,0
acbb337f2db43d8aa733efabbbf2ee414c209361b26f54d80ffc4f6318e665d3,0,0
037408d5d88d41875fe0bcb3ab3126fc12e82978b240f16be9ed786893a21eda,0,0
72179e77b47a9c1cc2d0e3c129c9fdfaf56578cd317587f95d74f60bf99d4e80,0,0
bd08e80858bfb5ab2246eb962397e057ec0482e92ef3cd061c395421ac3fea13,0,0
f01c83c91748157240f763b55d4f3e1a488ce98b8e9e5212e7a0cc33a0a9793d,0,0
88471076850e6cbd6282103ed07e908f5c127540b916ddc29dc700cfec07ccfc,0,0
46ac41fe20be126b750c7cdc50bcaed43cab5fcde8081ae976b60f8b48aa4728,0,0
ad519e91ce841718ed17f5fc8e63b77c540bc3f55773ed95630c3af4559c9b1d,0,0
683f4d03cfa4ac5efd522e72e63362679e7d324274d858d9890aa7617810a4cd,0,0
10a367a5d07cf36ced6c2db2ef44cdf72d4c738ba24742c62e316ce87fafe192,0,0
b985c60f91b88d77f22a0e3c056e1574a3fa1eba53702e36058aa4e462621207,0,0
b8e98dcedffc69b9e32c075154578b306fab228eb329916c4bd6f81f9f1cc30d,0,0
151ae99030f93de23f83fc56996defef5e2b0506d434612450c37e98146fb2f3,0,0
f7301cde3bdea5781edb034213568bf7edeb4cc39e2a8d78e457b13bd0587157,0,0
1472282ab3df2a6a9f5465e3ba62bc98dc46bf5c08125f7dbeba839abf0ef8c2,0,0
f7ab703e3e3cee0854a998136e18f0cc76c350d59e2894cecc7ddb9507e58c78,0,0
28e7a65e83b7603bbe2be11fe66a6f467499328443eace1f6c0173b775345832,0,0
a9469b3448e7374c99b4902ca3c2944e3f69929fc09e056296ea3f76975eaad1,0,0
2d8497288ba1af78c01734f8929fd8b3d2accc823705eda1d4e024e4e8d82883,0,0
6c27af645532d937e6c433f97ffa84632241378099b8348bd5adb7322e512d01,0,0
16747890c4d003a27582d6bbef053e7f0addde1d0018d1564553c37cbd7e6887,0,0
f1d9dc676ff3870e5b15702e3f746dedb7fd610f88bc5b058c9403e2455d0e34,0,0
bd7072f49f9c57a5f772d0df677a87a336da671e0a80b240267dea508aab90da,1,0
b8ff3859ae7ef3a6c30bca5618135508c6c052fa402e3708a8294dc6c66b37ad,0,0
c2a66e035ad41e78309d8d21a214d9a551bab65a2ae434caff499ecce482a5b4,0,0
8e9117da333e2df66616a5b78ac9ca0ffa2dfd98fb8c64011bd9147177d388e5,0,0
c88af3cc5a8e3aa447d9dfd041d85a72d3184de0a631441d43a29bf9d5c5c80e,0,0
623896468dff91e7c2e198cc110a9482303ea562934e06c5b8606a6c18c55625,0,0
0db986a7acb619d01fe67e54ea8a9a48acd8da524a5caeaa3f03bcb9fab593b6,0,0
d1dac88afcd8b848d1d9b14c4146dba1451e5d346034009a568e6581dc662807,0,0
39510e32316d68a8994af36202a2bd825ee3362b655f3bd43bf5bcb1ba7834a3,0,0
438c93fe9e2767e8a54980407df6f317e71e49484cc681837485849d4500fe51,0,0
6f7d83188b59b2e9a3d58a00586889fe9531ca85a7032c59127cd4b37c1a07cc,0,0
58745a4ea799eafae53fe2cb2bf0c439245cc9b1ff5eb6205283666427330dfd,0,0
776081de08e85ff0fef29c090041a8511bddaadc94c43652dbabea153605f70d,0,0
9f3ae603b584c66f98f6214d7ec536477ab4638e79d3231496430600773c38d7,0,0
14428f79249a497b75dd0303b45ee2fa7880edf1128e53c355291ea40175cf3a,0,0
9ab3dd069e6bf4f06c585e5b1f900eb3c761c16bb76e01c8c3030974c9edc271,0,0
a77cce227ed6b2df9e9c42de17aec7e4651162cf1357e372a048dd11e9c4dc0e,0,0
d38c2a8f635c5cd439eaeee40d2e0593e80e646943f7a4d1d4a545325124abf6,0,0
08cbf7126f86a4337a650ae6b087e6aa5d125df3d508f3e3d68b699e6fab6652,0,0
f4e63bfd42e8910d47490a93b250a061056fdbff557efe4be331fc85a0b63677,0,0
60ebd20c981235b1b853758c86e9b67d9a13b0b1d1b008d9967c385f5ffaa521,0,0
926e5bcf6aaa0ce0eb5555fb4c2e7579dc875549a47641dd8821224923e3b5f3,0,0
445729bef3068780d6a2effe73f124ca1b28a9fe3886da858e691cab50b4c72c,0,0
9328a6d9719c82cf040482e02ca185c827155c5da450a968c82b3a584ff055cc,0,0
01157c3365d40ca14e8316324e77416d7ac6a29e86a260a3a5a9eddec8467d47,0,0
7bb24ebbd30121dfc31212cf36576563ff75b6adb3445bd2daa46fa070c38fbd,0,0
46293ac34b035064476579d073dbf52c181a1c73b9bcc2ee1c6d761640f6d8c1,0,0
ea92b0d17fabc5258e40382132d524f16524d13cbf6524e02447a6e455aca25a,0,0
f5880a70efcc840df79d0e744c38a9dbcda5e0f545f90ae4cdeeb0fa5b8064ee,0,0
bc73688731da0d609f7f18c4b8c94b52db9c288a032a8db1aabe87b4df474f0e,0,0
053f3ea3d30d65a2c08a13e4eed0e66a99420e43e710e601da44d6e704f87498,0,0
4ad4cdff7a392a4379afa2d5f75d01ab3302c72c22b426c29b00cda1d4496056,0,0
5638f261b53b83457a55f5b6aaaa6a7bc4d5c6eb6d98659948fac3f7cb8e3123,0,0
a730549a4d6edfa078f8f6037046a1a7d6d1225e9587471842015bd5c8b63c55,0,0
f6ed802d2f5b5db3981b3e5378a71a081b6c50ab892655d4d00280e99bd2758e,0,0
c033566f5ddc7aca9c4fbf9a48650424aa5fb18c2dea25adc1e21ad21951a0fe,0,0
ee81a227f02bcd6d5164286d1bccf78fb2f9eb0e80073d17ecb19131608b8809,0,0
6a12c3a58b632d8f94a45004df4af2ae69929bff155a67464fe73f943a990f5f,0,0
3d3a56de53103c2b4471fba58cb32818537f21bbc4d0a2ff8a132ba6fa6d76ce,0,0
b6f9468c94865e7bf4e41c5944d4ba3690eacd5f8bb344a9adbe166aa725bf26,1,0
4bbb035d1d4b377cd9ec91d3bb771227bdb2d16afe632ba53a80c92428921903,0,0
0311209dd06f841d51891aa67cb72f3ada0d85a1aaec10055384514b4dbc0072,0,0
68fd90860ed6711200a402cd4333ec05ab8ba5d805c5a500ba74c1f388403a69,0,0
ab084e6d2c57b2c1558addba6125bc72d0cad0a4116cc2479498585fe6f946da,0,0
dbe2a26f2dae435ac23a5518c0ba3639e15b24e1fa768f209ae3afaeefa8f817,0,0
71cce260b8ec2f8f6b491796872ad5848fd265417fbe6385377f9c28cd7edaa9,0,0
6b000225b18fa224249cae01dd98d66905a4ce550ab8a1985780234d17350304,0,0
9a9d25c9883cba08f81d32e4f03f30c9f1fb16b8416d73cb22f04fab433ac6b7,0,0
46e3c8aea1f55a8a5aa265c675c694ab240ad4d574bc84f627b6af28fa62bf64,0,0
feaa78d9535e66202a121796ec833c9d6179144c41f26037635254653f7b0f59,0,0
7df5fc6b7d03c9bc4cb542607aa633d9240be0328aff5a1ea9dc48b3877acbda,0,0
12a95440695d63f48cbf03050788fc054b368ca7bf3327371a2c66c47f0e5e0d,0,0
c991064837cb76ae2968fc0d736969f6117b8f772ffde0e50bb98fd56ea1b958,0,0
e34b3f9f5fef77aba1dfdb72a325eb599bebe434c38cf30f4d360cdafbec0d3a,0,0
adeaca314e8a9461fc710df8261c270e32eb1401082683081aee075e8618977f,0,0
79a55f25ffeb16c9456288da608b65e54d6f2461c8a879b6459a9da92d3d71ca,0,0
379a00a8abce00eb3cc2f664167795421352a2f9ab9243eeb65881ea819a20cc,0,0
2be8cf5d7bd3d7e89dbe1ea351b296189aa2410b224f8edc5d995035e57ab1c0,0,0
8a502e66698b63f7dc079fc5802910b34ed87088e69200cfd29928c44d1e8532,0,0
c78725ed52db84aa8fad779263d128a57d86b62fbf24bb72ffc1727d0d39a1a5,1,0
130f85d81ae01dca3f537aa7bdbb2a3dbe3a4e8a545284f4256aa178d158a2ca,0,0
552460dd91f1e8dd981843da44b0ad781d4c8904f2d3247bd7c85de541e5e6b6,0,0
5af410ab4b270a0e6285d6b97055c47263864385646089ea3dabf00227a849c4,0,0
ae77af7e03552005b8696d566c55b3899736c0d9fab065011e584503aed41ae8,0,0
271ac361fa5f7f8769db3675150a13e6f4a557d7f77d1a898b16ba5004dc5182,0,0
448ec452290d7fbde61b672dd782fad33b8c62c99c5568a04b071094c2b31e92,0,0
edc0be0bb4a2b075d90b0688eb7a45fc61cf51091a587b9d999da2954d97634a,0,0
d9ae74d9d23fd9857a6661690be5519f186aef71a66eb3f2790845df214737f2,0,0
ff375cbd9a1e2c7c63f208a088437f08832fc9cab7621c9e7a643e4e9ed31446,0,0
b10323a639c8b4a1839a240b926468440b5886d03c06c5dd039e2388538407a9,0,0
a2d2a3fd4df0abeccc69faa0c15cbf7e5504e6071460bbd56e79f98c5ef337ad,0,0
b9b3a581a46071f45ea7d23ed59911894196a1eeb797239177a33a28fbfeaa1d,0,0
c83e3ea151ffd3b62180a2afdd64c5ebebcd1a7ee574bcc29d8ace23abbf93f6,0,0
89fffd0394c3175a29710a33eb678f97035d7fc51b5907b8858871792c69188c,0,0
68769d20a2a8c05a5b5e7c918312fba81733b0da35adf963429aec363f22a748,0,0
71b8da5d9d26228116d41518d7fb1b8d4b9b0156c4a6a4bcca716e6f2af88b10,0,0
6893019137f1bb350c77010a6bc6080866f1f1e535284f3e3aa8ccf9dffef149,0,0
5f27210ef2f0d580210af31c2bb2902dfbfc749bd465ccd1c90898434bde62ab,0,0
44aceb3efcd0d4bf1af56f7fe14513cba2c1c43b9e24dd1f791bf6de202aa6ca,1,0
fb11f62421655e1f3f7d285654240afe0a4f353d3be6e1d8ce8c9d791dfad95d,0,0
31ebea48e93c925fb2a4bf2c0775346875e6e1d26f0c6d0eafee7e0e8a1fda8e,0,0
9d92ec6612e94003e09660554a89c7fc2c8165b64d0322dfcb5bdc6f498cc348,0,0
46f2dfbb539df726c5fc3443f0630cd41f743a6e5fbc3071fb2e949ce4ad19e1,0,0
0cb89514ddbcf6de6b20de3ad61146b50de4d191603c44748408d140fa1a2b67,0,0
c4976fb8d278f756cdbbbc071190016e2aa13020d2942e599a441f08dc6d7909,0,0
bbde93c27f5a264de3ad8557fafe8a8e9312386b90bf7eced19e285037d13756,0,0
b7a3511e6f2063428e9b215b4e197bd153d3c8050533ee4dd41a0771e00867db,0,0
32716433ebc0bd389f59b727fc22a2a5d9209e6d6083b48510e9a79634b187c2,0,0
c30a7d66198f430eae2c6e49948d131cc02ce6c02951dc99e39a2717864fa082,0,0
8c1a961f059d5b68e5c837f6be5df6bf73df367c618f54038a1a3146538ad239,0,0
c7af5d303266f4631c8f273c51347d94757a2f4fa8eb49e86e97e783a9c156e0,0,0
1f17ea9d7cfeae6642c95b3ff3356a423aa5f851ea2a4f65994a094d4749ad64,0,0
64938658b2fb3cb6d18a6b319b4145c36929b34de0dd64dc54bcaaccd79cfc79,0,0
9ae8d9109b9e7f189cc1ed0ac1e8fc33f7e259ad852c3fde1616103483c41dc0,0,0
1a937000a7fc21165f87472d1b0f2972f177b43d5fcce92b221546005cab4c05,0,0
6f8d149e649158966b36ff19a9008fed1ad4068dad05cb948032a64d9ab4c582,0,0
1447cd16e70ffeffdb20917ebba21498133663d402cc599af031fd46d962a4ed,0,0
a2c4801e1dcff84db99d7f25f752fec7e061fb8b730cbbe77ca3180555745082,0,0
b7999f4f509468b1c4449c7f43c3abe4f996c54d55340604c20f904ccd0a024b,0,0
028242827a2ff80eb47079388d9097854892a3deed9f62743c183a13591fb25a,0,0
8be46689e79853d117af8cb03a5d88b266b5a3bbf13b338e696d9d370a347e72,0,0
b5c08f15afa0a748c6bf9422bd46242b26e2c531276b1e3563648840b1e3f6c8,0,0
d911758a2dc75fbf1fd86263568885f943e03ca9e38b6195d4067a2492e8a883,0,0
607a63029ec74b39900817480ce5f36d872914b645afa568f132aa2cc40297ea,0,0
669f98598c345d49496960fd6d416bcd8f9a8cae33199ac283bb1d3d055fdd93,0,0
b8500e7a9ee80a8a96b0613e7c5c1ec9e652e9eba68c11d3c096eae3dcbb43ff,0,0
0f3e04389c533ec01609d465dbf0f7cf3478d338e8af935aa4acd397af033a5b,0,0
45d3248b76bbddbb59ef4a06f38fc31742f73e5f755f0151ed1dd77576b0e4fe,0,0
3194f1103ddb0e615669138607900c2f2042ed9fca1e74525890d61ef06b5124,0,0
dafec6138ffb68599805da03ca7709fa3d8ad1f195b11c3e9800ac336af82b4a,0,0
e1fa5965b7401479e4e8db26a0d89fe11ce0458c5ce3d8eddf1dc056c1ee26b8,0,0
cd0668e89ed20e31011c7ffead7771871069dd39036fad53375bb052c1b657b5,0,0
4882ddfc7157ec843a1a258f4cdd50e872ba462c2cbedbe6422a22ce2f54a101,0,0
0e90f0723f0d0949d85fad909971dc00cf5e36ca77ba0c99510030af398e23fb,0,0
80afe2bb172e9614f88f7f063cb238c49831c6e7546709c304acfece73a42496,0,0
31586522042e6965b8b4fccd5a41a172f7f6a5365c8217a3aa38a9ea9fedec5b,0,0
6828e16344f585caa60a8977a7ee582a8ff99b66c799045770c6d241230c7634,0,0
8d3b65cc67baf92bf6737d5997e17de0265e4c44c8a5aa1c3de609d7659276b5,0,0
ecd84b1f352c9845bb4f3f21e3ecd2965c9fce3d74491352ca51823e96b154a9,0,0
93c1ac1a0918de8d312e4127b29892e22b89512785ef65da02b2988153079e36,0,0
2e0f27978ca27a942ffa27d9a41e371fcbfa9097a0da95d84c46bde920c6582a,0,0
ccdbfd8259c3978751537f3b479ef9a3abd344cdb3b332503f7b889e20cff37b,0,0
50e280d4ddbfaedce3a00eac1f8711446de38d6d7bf763d89a6bdd78d8071fb6,0,0
18432e136da70ea0cc2439b8edcad04efd5f6bf8ae2ce82956dce7b13a245fc6,0,0
2e13f6a027b069bce402b0e23c6cf10ecbdc05f0efb7991af0cabeb6ddfe58a3,0,0
eecb4c38feb488b3cf660d05d3daad92f8b1002a2e3eab06ce370643290d30d8,0,0
16f0aba647f32ba3cc724e884977f583c76bff962ecee4554b704b5e9990f0ed,0,0
b8cf7e3dd6d4364a3377f5c1c8d3dce63827360bf3165183a4a7815d8519f5fe,0,0
afcb82da39305ea64c3c318b6f4fd9309a389c075c1dd8a4a4da6b2302f06820,0,0
93a88fa4c2df8de220ae4e1a73084d398d8efa35a231e74d859eb450558417d0,0,0
627e2777b7393d040250ff7547ec6ce1a1a8ae42e8b78ff70a18682637863c8f,0,0
effbd88c4e65c4227a8e39356db41398afe6ea33b5bf87bf060a247fc86c37b5,0,0
41cffa508a93ad74eb057e55fe31ec9356a58f9fc33a9c16ea349f789a5f2890,0,0
82ef1c199988a3cb5cd1083540bac4d85aa552aab48f6051e4532f294638504d,0,0
0a97fd9f51b0fb0099e9b8cc302df4e94a5a5216ab3b86eb45f7348055b37d94,0,0
f4b73ad3656e550a184690166ad34f27db0b96cac4e023f9192535c03c6dd34a,0,0
90a7db2aafb4a7d3ebe8462465f4c5269de94151abeb9a966d080c771f1f995f,1,0
2661992a1a0fbbfdfd0c6145074423bc3c2b9b1c56cc556878a794c513c3bcd0,0,0
39e97b258e8d5f45981117281cc53a15398fa01786ef04709327f2d126f94ef9,0,0
46bc910ef89d88693655521ee023283d99c3ef516868b40ede479196f20da32c,0,0
fc34381ccd51e545bbf4ed3feb111c430ede4c884b17ed0e62766a664202a631,0,0
1c011a2f9fb13b0967c84ee868d637e37b811b768215d4396d38c52ba2cd51b3,1,0
b236dcf00038d2c60cb0865ffe73bef86e0dcaac430fcab1c6a0ddb6a156c90f,1,0
4dab029add81be255e51c30a1e082714c565133566ff0e54a8c2b72de3c5c0f3,0,0
88ffb4ffa002682aaeeb1ee25eb6c2ef7713e0b66a58468e36476d08914dfcb3,0,0
719f783f29f910d8ac1fd0968b228527457bcb0289aed76ead3e99adda73b811,0,0
f208dabd77fe7647293bb7dfd98775b91ca981d00bbc46e7b6a14121b7705876,0,0
98d6170724b50ebd212b7d3a07ec3d52d75bb981e37c434d235ca3f3b6305159,0,0
73db949fb11cbad6c28aede4e48fd010c71e95c8a66e91b952c02bd0aab7d549,0,0
f54adedb1e0793fd4318744c2845f21731ae7196ce5f3b8e76b3f238252eb25d,0,0
7b9199c06c311b44d8cf649afff7792a0ac2656067dc187c8e4733e77452c07f,0,0
d1ef9956f940a6b8f0b88ca4c5b10145e1b93f41ae6f85c1010005559beb48d1,0,0
9fe2f861181c11e77de82cc0af98da8d34bb7a5ac510257c780daa6c70f0e361,0,0
4f9fa64589f341b6cff20ac45e6b9286f83158cf2bea051d6831f3feeaa05cca,1,0
4bd0853e4444c25f5afe5b2a098288aa5ac4c52a2175a937d342e529f0d03695,0,0
6b7dfb055d3707eca5bc2173a49997bd6697dd8946a2f615200225e3007c26ab,0,0
ae5df71b7d350910225ea09bf8835b39a745fc8ea9bd5bb427bba746a4e1ab58,0,0
59a38d841d3d8d2ce3b62df198e0c7c2b961345a27ddfcec511296e9d5d3df92,0,0
0270487e1b3463db627d5d5a8a06bb8290af49928567f3beec38a5d61993a488,0,0
e182207e8bcf84d80db0b7bf5e23d9df248449cfc8d03f6bb021d96152450a2e,0,0
b5cedb415ac82b7fd4b65dfc9e8eea1aa9b1c0edfe3551fb87525ea379033c6b,0,0
d89b30f868b76e296528943974e23ba039b399e39ec39928f7f9b0ca7716103d,0,0
f5848b98e16631983ac4ef986ff6e099d9dac6a7a63c49c7fa8997f0e21ccddf,0,0
4061dde32c3138e1e2aa7f2a683c497ad824349cf0bc1367d70a0ba5c46f2798,0,0
a51a96712c814623138305aad8d766d10d15316d06eab6c9f66c18e29197bcee,0,0
8368f397c69c18103f5cf8f953d97ef0a2e1e97a9fc9b6bfa71c1c0dad0696c4,0,0
f253d9fd606377b832a47f095f3bf4578a733990f325641be74072ff72f584d4,0,0
6c0d783d89120fb4dbc03f86c60442a848acf0a93c6610f164e19d38cac79aec,0,0
1597a1ddd987c996d2b3ea1d82c73ee58f5ddbf3bc9b03f8780a7b1035fc06ff,0,0
a168195fe0175f305681c2cbe35d0f10d42300bf7b3ece43067469bbec9d85e3,0,0
9a762631c09af5094f57c5afd1d85f0b2148968ce355bf8350695f0695ea4cc2,0,0
60d1170dcd061f91347823713524fbb456cc7115c3342ba0faaafdc2cf2ef631,0,0
6b75d8e097801b08fb26ee8b4244419ba218a3eaed42dc16da189d62ce97fbf1,0,0
089fbdcc56e479349d9bba281e42741280eb7999e240f10aa8801311abae6bb7,0,0
2f396e3faf6d0e945d027bf086b345fa83044e1a0ee0430a5e8bd965452afbe6,0,0
b3b7e1145c9b03cd2924d8e5ab980341250ae6539b0bf99167b0789389d8a111,0,0
ca6d009a09fabb319d2052af4a78d0a388d7def1890386a8fa7d102f2149468e,0,0
cbb41b42bc162d5770556afb914e8914869663ee95a026a692781b5a6fead507,0,0
049052921c2b836643ef1b28e563af18701838a43626f3a6c324f9898eda03ae,0,0
d8b046895593c9eb64c61ddab7ea100f76307242e879e05ff6c0053d11979d51,0,0
ebd6883278d427e06bf0ea0d920291c1d9d11f83f7fb3c046d5c45bdca9f4d7f,0,0
0d81671105b26417b2dd121fa5ea426c6554347bd3bfcbdf623e0b5581c5213a,0,0
67657ed4177a2219bed5d2d509f4315477dca6498a3894c0c3e90b6231e520b2,0,0
1322046edd2013b2a0538c9307fbaad039c43b75af619caed2b0d41e7deb234a,0,0
f998084ffbab688c1ca1e37645881f938e379f08493e60cdcac67e51938394b2,0,0
254eb0c948eccc955e952fd55756f951c93a5d593f4d13cd6f2377b952236297,0,0
e61e11c8f4c5ba32d3937a69537c92896954044d22a6f920c24d72fa52ffdc75,0,0
0ebc5e948f6bb42c507a68d14576d74735929b1cce0a06e5e4fd3288e8268295,0,0
4c3719ae19f6e2ce63186fb41f4e49fe7d3db68209234b4faa191515249f7c24,0,0
6f1bd317203ddfe3c7558427fd0d014fb4cb1fed76ac288213453cf003857ec3,0,0
f9826078cf99c432a18af8f5fa461d59206f5ece4fa5653d60acfa603a136937,0,0
f79946b3a1f2322f24ba34120e65d28e67914f74b36d7ae271c4320720a1f5d4,0,0
8da13ccc96d45484f2a1524dd72afb4e854bc642d91b5d91f44a704e854a5052,0,0
ce362a66e5db9b0a5a46fce39aec46f956fa91426ced6097ead0c46e12a8219f,0,0
2dbc27ae3ad6d55c04f45888e88764d4b3fd830fcad994391e0716a60dfa238f,0,0
69ed2e6fa94694d1044b32a99bf1789fd0ca696c1749812f0e26ca96bba83d88,0,0
47c81b8d3cc17e341083ccfbedcf678f6aef45638080134834911ae2e5ca9305,0,0
9c9b6f4c23a2955dc71dcb226f96b1fe1b4cbb67988524093ff1a6ea445aef8e,0,0
2a09a06479b60120dc995d179681001b895e4c2dbde0ae4149afbc4708add3ad,0,0
e8fdc17966f37837f6469d93ed22ececefbafd023e8cd6d6cc2d623e4b43a381,0,0
2d9b7e6f81b7742192a449bbfb77f331718f4e6a628bb0410656488e40372df3,0,0
55a12c88d412cf9a385c64e9a38131084ba638a8efe5c564fb5109b033eaf8f3,0,0
84b946788f6ab5ec639e7190310a4aa20f61154f5ee6e7a7f36b6ca1ba8cfea0,0,0
a3b1289e9f79c7d44645da05ec0a4c090d70a24cf0ff843cd00b5dc1dff61162,0,0
4dad6e42c842c1ae3616661d9b6817756c238c68c45c80869a41338f034754d0,0,0
000fdd10c15f16dde3886eca5ac91827d2d3b698c2b00a9b4e94d2a68f3d3835,1,0
10ac6fd5f224d5e87af1d1b2db03a0a3a70d30cc13687d1221db8612d840048d,0,0
e44166a86c64a5749467b02eeea559b0c2d07d145da420a606d1f65b48e07cd0,0,0
8b836a92791ff8111952cc9e5883a27ae5ade2f1a76a610c8442079503792f67,0,0
85dae84fd95d0205146b69b559a391bdc6ef91259621e9345d7e7be588c1391a,0,0
f66e67a6b5dc09005daa1403914a1b30e616b2ab0b8f8c63c939262de5811c35,1,0
32dc64b73055058a5a85100846b69716ab899abd6cfd5c319d65331d4860efdc,0,0
60d0ce01302f201e53c4c75174be643ba7de54f5149a03c5c08ba8486b0ae931,1,0
d951c2d0c3ca29d2bd51b323610032fbc99e6b152dcce1d6cd3758415a1cefa3,0,0
a97e0e4a881849083b33b460f5ef510f05061baef8607ff679c66a3036002a29,0,0
8ed542fe4fc8e9d4e34acb9bd74b97965a8aa20d77b2b79f3d7c3e0b97b71bd9,0,0
ae92a2f3eef41eaad46b10fa341ee8707347d232be5c05134e98fa10f026e9eb,0,0
15cd81068e32e8c79b0456d80e9c42a53408864a44c00fc2cc6328232a5c1302,0,0
daa339bdf4e6ab2061e1db12365cf4f4d18bc0a8009d77cb47e3dfe437899951,0,0
4ee8060a4501f1afba0c1f1d0ece68b259c93e5450af68797b839e6c695ba7a7,0,0
b23b2fd5179e7a0d17bec0f27268c29be7188a149334c6df1c5ede520ce077d9,0,0
5dd3741049ad873bf2493262b21c8f9fee5f581c52c7d036766803ecda759724,0,0
dc2f2ad4bba1df931ef088b45f9991409accfde2cf7e725e8a58c91cdc0aa9a5,1,0
c9a7241d3375f40666401b3ad886d753d64a4de1657743db1f7b2625b45ec4cf,0,0
2f1be57aa6db6e79f45febd1ab3d34d076c1074e2af4052daec2223f682da701,0,0
fbcaa23e3c3bf26e81734880bf14efd95a89cff489e0673f443de97b1fe1e940,0,0
8cb6c15e63637ff1b329bb0fa907be9c64d6c6daeeed77943a3e69c231e861d2,0,0
775c982be02ec3fa2eb73a98813175874c30c0812c8ace520e0877042c14cd23,0,0
ca54760c8f8002909cc158cc1aa430192febaa464c7493b1600041e72ea03a63,0,0
609263f2b1ebf1811b5db47ffc505425ea5e58e550451b8758475e9691aedabc,0,0
3cd90a41dc4d8caea35304869c9b46187bb86a683274502de4487b426e0f4780,0,0
2a7f93d1fa5a9ec2cc70596e4c1ba0ccf7746eccb5f8ec21d3edf1aadf0b6519,0,0
bd5b56154f62bafdf4b95511055fc744749d869f637572733ebb4fca44762269,0,0
35723e928d117905ea847130fbe6b7dbff9cb0977e044da6694f06f960cc6aef,0,0
7c53b124018d8357f6af13ba28435b3b7c7a13d61ba967a8a5867fd8c59a5e90,0,0
befd3a73acf5846255bfa453ed5bea2ee74415a448cdefd4dac87f731d63fa8b,0,0
e04f5ee608cceefe496d1095579146b47b3d643af78155f5f23d7fa9a52f79dd,0,0
b3c8bae1cf2986756111857face69f21c82d4fea83d37534673d810f90e31cfe,0,0
4b078ace1c256b71e56bac1abea863b5ea2dd0330dfcd63a4967557626bc7d63,0,0
4dd75cebcbdbc5f367191d6d60065cbe0f7daf36726ec2b421ff46c8c45a86be,0,0
b38dc5440db2c80440ad325ce220e98faa70d34e6a2c975932bcc47d80283c9c,0,0
a97309a663c2bb070926e615f377e14b2fa55aa6ddac2c35553441628ae1a70c,0,0
5da828294e971c89b54574a9f7291934b87b229a7a2d9e06b46c898040073a2a,0,0
207d118308efce5809c006d793fc95ac2426ff52fe8c685539c7201e684132e0,0,0
6f448fd20b78e19aa7c3048b36b6ddd41166e24a22fe81ab3881a8b426132e6a,0,0
f153cac4ece118e762f2e9323e301bc7d59320fa7dd82e4d4d5485935579945f,0,0
3951677df3f1cf1ec0bc48e3bace3d82353ca0c9c0b17c7f3eeb0bf96b4ad005,0,0
1f4ad60f46090f2559f31220f4a49acc6bb9354842d5930afa665f2bc03db26a,0,0
1ed9bf982a3c87a3a3de6ed6c7e459d5de41f3d2ca3a1859c1406d99d1a89fec,0,0
35fd93a8bfd15d28acf6311690c6945639a39fae2a7b3999dd73a2778fcbe31b,0,0
8d09700b87c1fd41d74b5282ec67423e0c766bcef4d491b9c361fbb3f95e6c38,1,0
311baa8d3e0d83ce6fd31480d49792dd50ac7715742f6f7937928e46badc031e,0,0
51e1f3f95ada40f4c1b4b93fd1d5b9efa233f10bbf13f9cdd514ed75bdc4bb96,0,0
b6e4a118dc9644e8bb7fdee5ec7c6c2d4a930964d4d2af66ebc16c447cca17f4,0,0
8464cad54fd70d5760681ba27883be9aa1a441341fb7d4b10e89dc05dc7cf715,0,0
0a05cafaa488ac4d6d2dddb05b815d9a97c7ae279eff2f891c7b8f34cfdbbbad,0,0
032101caa14dc267cb52f8634ec697fcdbe35d5dc8b12b2301b46b57faaee08c,0,0
21e54b13a6c34a1e2fc690f94e5512f114cec9c6b9d4f6238dbf929b7b70f342,0,0
e1fe352d839c86262c6052c9a7a752fcb8ca98b43a1fe7ab4cf4a79836697f68,0,0
6723a58b6d335be4fcd7ce5f0fc8b04f7ea5286d304fb8b0afe927b1479aeff8,0,0
4ac79b3a0e0e1302ac47986f834724fbddd30f45a0cd8de6a8225346e38b60d8,0,0
14f1752807c42c2b1e830aa606e3766bc73a86a773972d6d1b80074bf714cd73,0,0
db6e42e224575adbef9fffd34fdb7a2b19e6e70bd9dc416fd7c9708e872158d6,0,0
25807c757e52cb3eed30b4e1006fa165a5bfb3f8c59cbb859f76aed679b8f624,0,0
9566485de3e10376d7249475a2f73db58629b956e35592388d48645afe8eab4a,0,0
879418a7eb7b1c49438e0388d9f1f6f7806be2263c0ee3d20f53e1209864d35e,0,0
24093f105ea575cc9fca583182977a129b9f898e9e1d9d315178573b2a927bb9,0,0
8827175fb53e54caae39b35fef452ac4598528df58dc3e96d73f047a6b7cd1c8,0,0
51a7f26e751dc4fa07fc5a3f0ec14de8cc047249f21622a7f2659369a854142d,0,0
df67f12205e5b7dd065ba3bf886c366ad390f3935a06b6beb2d81b61599d0c95,0,0
36e823f4980a342426481e8ea84e5ee1cb4be8e79395fa2e76604882bb56861b,1,0
9cac6d3737463a3099250913bc50c12b4ca32fe0f36b6d4e0a1c5d551caeb3fa,0,0
da0cf3f018efed3e3b2a892570a047a39e73394a3542c361a1b86fe4a3a94726,0,0
a8e33fe2886f1a8fb4daed679a7b1022586c56b5fa6549532544d182018d06ba,1,0
67ac06eaa7089249f35ed7f5c2b9c95cc616c37f6be51067bf809b90353dd4ff,0,0
018652d4bcd6aa9c90a6d4bfa5f84374f800446262342e9348d9f214d697443b,0,0
dc7436fbd73be481f3e488f5113f1054eac00dfa5d48fdf255a5c2dfa44cab06,0,0
ea174192d8b78f9257e204e95f9bce8f2595ef3bcac2fe92c3ef8e54ae379dd7,0,0
041c6e289ddef5346fbd5a8b50d4e905d4ab6e1443f1610dbe89786445ebaea2,0,0
28e704bee7c11c0f1669160dba678610935d0db566d073fc62a7d04c4c779d7a,1,0
1a736b3756abe7b607f12fedcc72d1b3c1518baaa0e982fb51ff8e4c25ceb51b,0,0
1ae5571cd3b8d5143d1ced214b1810717c50aa5c8cc03f2ad041586ee51bb45b,0,0
a891c743c776f28435094d7023c3724eefff2eee74bb6bcaf6a99af3af64b2c6,0,0
f6f922007ac21cb56c9eb486a43a3f337aa402c1617587068c1f6ead81bf720f,0,0
ebfed80759f3b049e48349e4d06d98b8f6bcaaa5c627b167d4b09f27c18a35b4,0,0
535640f8f058237ad0aec9e3257bf68b074ff64a862519502a7c39411aef700a,0,0
4a365d47bd248437a192f182c8afc9bb2df5a5fc741531d6b38a1adafc960554,0,0
c7aa308e6fab17321971441153554cf38d43cfe6c3c1587330b7cf22a7ecf938,0,0
0e5d6abc917d831869ad8ccd588ffaa7020a3d280966944874f9725274c461c6,0,0
be2e7ca73f8e13e281cf6a2ad2e9b356940dc32fb95336de313f9f09e6cb18b8,0,0
19eb0447a1387c10b0f6d48650130e6f3a548db7df15bcf958d2a876a4ce9660,0,0
b6386e7a3a17ba1de9b250ddba37c5d7548bf1ca51128b344abee1930e2fa861,0,0
39bc1c07717c209fc8ee1ab5f30a3cde1a475d4b21c6b5a5d5586c5510ea0026,0,0
99dcb52d9607729ae22fe40c7af606848f0b79e7787bd38adef2984f276569ee,0,0
b8c3ef6a86a02f205d155938f1b0215abf7696cbd73c970c339b414341cbbea1,0,0
9cdcaadcb259db3ef40c5256d0baa7de55b91640ec4e01d35d57c30a5a94d501,0,0
d6c630427c62f1b8b9731fa41184e446f4f517322123de0ffff7998d8ff0348a,0,0
9c62d9258aa9677c1611ad1f398b867ea63963a8934168e4282ca8af4ae7bf33,0,0
c4296f2f1a8166409d50fb8b6a563a3b9e05d8f1d9fca99c4c9c0c5a4a06b1e8,0,0
d70f80886eb0d6a01906ff58619ff1aa3aad14fbaf1808e0513cb08a2d777aa2,0,0
915a849979a354117f7a9a118e7e5be0af0f2bd03fc0f0be5a71301953306fbb,0,0
bbc041dd39cf1933adc0b0b82ac01afa215425872dfc4a12f68a1b9e95610a73,0,0
c1689a243dd1469f7b57e8efe1735bf7ae21a8fb9d46fe577fa558b42707d382,0,0
9064209d3df81b5f21d665b39b7efeae6ae023df55bac6d937bbb15ee44d745f,0,0
28e4758a1011cd9c20c39d787d0392bf779814a177e32a6bf01ff5ed25dbb604,0,0
313338883c5df328479627bf8a85b7d2da01adafc62d3f1b49ee03cd8e40e409,0,0
7f1caf13b0af8d27d899e82a6819543a2843668c6d9c2b8d29e65653e1abc372,0,0
292ee44c20e5222da05d3ac10177e1bd41da293d328e4f7b3e0950012140b194,0,0
0c9b23f9763e3fed1beb2980b11d3024bd7ce4349be258fbfe688649754c5f75,0,0
10fc6eed3371639a80ec9d76d5ce8570aeb8ec4737f931d5b261bebd17a331a7,0,0
ab07c70190f74f93c7e2a3659d1465d366748ad87fc428e7b8240beddec4e500,0,0
1447a5a636b3dab56892577078ee9c1a82ab512383788c81f26d4b2aecb8b25a,0,0
e9ab78a1df0698c47ffeb649269da025f60037c0052a2b452833829d85f34095,0,0
37b0e7067c79c5ca9f296588b23db723dbbb846742fda6e4ac5c98708b6d02ec,0,0
6029a3de1220317ce11c80b247127b57b84f891f225a7c497598c847e4a074e0,0,0
c8c3f93d81ba60df3bc130c213ec336ff45207f8652f7495f707bf1aa1c87fb1,0,0
b1b20bffbba506fcd4cd10865f9a455c46b37c94010637bbcb873fccbf2e3cfe,0,0
828331b6b6746f2787f303f40808e00e43757b66439345a21dccc3ce273b69db,0,0
ba945d61ee1885c1d6bdf36ee67e730c92296d18bbb94422b8c920edd245ca65,0,0
b61bc1f3f9dce9791685ce770242f6e6a1754b2435004ee8adbbee3fe10a3830,0,0
4bb12395962c0a3e95e31086fffa6305a768e8d34df62958a90715184ab0784c,0,0
d83e7cf11ee1ebcdad383405ad167a9edaf9a136c9622d09bb7b39878a20fb77,0,0
050fce639c50340ef6487035c6df24432c198af63a2068b0d44410c38c2e658c,0,0
6a995c4ac33354018e019fe6545bf506e5503045eec19091adedb75643128e39,0,0
a0d193cba96bfe59ec3e4c26d212764323cde6da0dbd387f08bd60493a508fb1,1,0
974800b442f21e5b28881cfc6256fc8cbfc8313807ed243fb8c6580da5be14e3,0,0
a8c2ba387c37a8a2c631d614b47c7c3837c9bcd83db80e1d963611372202947b,0,0
d39343a7df447ddac9f9feb2c4bf99b4aeecc32c3b30a4a8f4f0e41338d72120,0,0
33166dfd82d68b07eda12e8be6836325ce26761d56297cffd6ebca725899f761,0,0
6530a46f15ee13a9ebec0dfe078c00dfd9508159bde4c5524433aa22f9810df9,0,0
c6a99ad38e00252a025bcd301fb1224fdc3574c72fe97190cf113339cee32a63,0,0
a708a9e170a41a627832baa20cb0b640fde3bb70594dbdcf72c0694a63e5165f,0,0
2d043c587986581dcb3a286886f4d401e4156d2f61fdeeb911e46a2ee4719f59,0,0
7abb5e91a7b9a01968c20fa9c0e62a96ffd95963e0e4f465083adc53535ec071,0,0
2b1b62c57b26c11b9e32d2e83c86a959d3a05224d897eee8616641821e6fcb67,0,0
472c9811404a95b1f2e9490b9986313cd7ef86a1a43d02a93679cd3b50e1e4fc,0,0
15735c18545bbeebddcddd74464c3dc9d3e296393611f7d309b005c496efc41b,0,0
04286ae7673bea79537574037b8032cf9763062c1bfec3ba34c636b5becd13b0,0,0
e498b70c3e80e8f5e9ca36c6e922891b1daf30d248960ced62754015e4314dd5,0,0
a5ef74e123c7dced896b634f85d87fc5664c928fd3f33bc4348039be4052d445,0,0
1161dd64f250cdd3dad52734070c536de71bf29c02b961a769cef4644b9b106e,0,0
33f52deac5dfebdd65dc3e0231c546ede64ec48efed0d3d00ef746bb9253a1ff,0,0
154831819082b99450e8db8008e39f3f14665bc21d4a7a63d5907c13311d4c98,0,0
294ce2a3e79d7717bb0aed4bccd06a599a3414d9667e71467e9c6bd453903d47,0,0
e0a57698e52e94e60fc6a0576ca309abc65f81b99ac3c614a2bc953cec6b8b7c,0,0
99775131832ae8c8dbd4337ed61276d349b855de99926acad43984251f3fd45b,0,0
aed744782886696cef105b41576c30a06f8e938720a6685945253305535b722e,0,0
79d5179a616284ad6c98605641589fa3873048a8bbed8c51f8db039693c6885d,0,0
75f15c9dfec67d10305332f305502ac90cf6d281b84f8ef0977e4b7d110a71b7,0,0
d5127e67f3c208078344a978ef0c9f2b01098091e44f30f9b61ac5ef16ab9375,0,0
f92c1b2c3ead809ea511f1724bf01198dad38b95e70f6f81f633ad05c62ff7bc,0,0
9f4994ca85415559a6407eee3145a94eeed22428e34109531619159e69c89f99,0,0
ea3d60d1ed2bc0bc7a31213d44386946122cb8889c8d1291a865aa2fcac04291,0,0
b6fe73020c19b561575b44b014a4777877c3fcb50afe1266783e156b6613519a,0,0
21b31004dd5e6c57beb4383de23ed25fcd07b4e54d1317aa2d7c50baddd52a80,0,0
95daecd0f8c2b4b47dd8f902c594930a979765bfd2e8f6cfb1a08053d323a4f8,0,0
d8fa49b7b34edfec65c408f49f0cd64e18b382f5a1d9ca448eaa10876730fd7a,0,0
7c26dab3ed07885e44598f9eac982b2ef1b86863ef983796220be508b2f541f3,0,0
331bb9d12e8591cf0c2b72eafd74766ec6454c8c098a06ad8877cd29977c7e1c,0,0
ae1823db220226ab0a7c377e3e782c644b4e581e2f161344a59cb7dc5368587d,1,0
7d55e560e0697a266b6e3eb56879473827c42813795c044e190c032b6a6198b0,0,0
1ce3b3796c635b605ee78091aafa4f371cb392e91952cbcf0fe63bf586999a67,0,0
40df18cd630bf03d7692562a909191b4cb37ee9d99551f5347b970f60308cc62,0,0
8a0d5eaaa72571f8c18828188a620cb6027bf34023bb5e84d650bc542307b375,0,0
836aa9e4ba8d200915f5785a687e1b837c918b2e9ff19ddef6f209e98080c352,0,0
c03bdba0a791e850434009de0dc80a682b5c69706fc82d28fb4fdae4589fdbdf,0,0
4bf4ee8e0f86bd5b48df873f741e20afc75afa85b868d96cb79f80a780a24bd1,0,0
c57e470ee31ccc74884b5a774608c79e4c4de48b4a63a8e3d4a987fadf7916c3,0,0
4a39175f49492c4a930f610bdc4b4cee743571af51f1f8828f3d7a6847342272,0,0
00d70bc6000304d52b2bb052836e408159889ba6dc65db7735aff7c4cdca54d2,0,0
b9cc54349cfb85240b2f76e8730704ca35a3cddc888d79f2b2129df63b72b18b,0,0
2d11739e7d58255f32c959e6b44c76f61d97127033c922c9e7426dfa10737797,0,0
8ee0c88552c89670508a46a068a37e185c7a332771b054c6deab2a9272b41057,0,0
4b7516cc63096f2b6eaabb551e08bb20453672464077d70e13e913dd4b572142,0,0
cd3d9f4b0ebd842fc6f978244320bb1c378f6ede65d0063928b3182d50d3f7fe,0,0
ba3497ae0fc50295c3a036bcb24b409216e2173031ac7c5cef6ef112a5b041a0,0,0
de1a4a9f55e8461586e2cbcf313aa94a2ca50704a3771eeb863a2e41b719b6e4,0,0
34c11f7f12283eb2a606bf24d8b353c7981c7c60d36b4b9e49738ae78b3aca68,0,0
7a10e5e1be8ca0e8a2044898d73340fd8a10e7f2a5f809be2bbdc9a780a55d90,0,0
d683cefe139f88cbc500b8dc02df032070c095f0e746df7772dea4f1e07beb69,0,0
eb26c306f4732f7c98f9bd0d228789842cc3605a853726f2734d0285c4be88dd,0,0
c9cb0bf82d7882ff3fd534c65f5e5b8fb482b18362411df5253abb0b619b8174,0,0
01d499371be8ffdac0ed24ee10a00e5586f0968c094a938ccd71c5c2102874da,0,0
b0c6fa369f4891490394df081bd57d59e7847ffe53143a2c161685f0c32498fb,0,0
dfba3c72d7c2f67520225712328d97e0fe18be9d7f0e89026407b091dcc66c77,0,0
1ffcd70b8b493ffb6de2ed04dfe4f6c20ed94fcc7f1c84b340eebf6084301c5e,0,0
2caf60f76a79220bc6a097d8981fff5304d9eb90f68bf2dd4501c0ffff9637ed,0,0
4373aa279144e7b4116670a1c86235217fed332a3326b24474793be1c201fc3a,0,0
8d0b4024836b755db1ae13090be6edb0bf9ed90cb1e3d264b7772d6befa7106b,0,0
af9f7dd7240e0d75b1c4a061f25d90c663d1af066010fb46ec57664479be797a,0,0
2716bd128e9984216e15cc9814d6a646021651526be0b64e9579c2797e54f087,0,0
01bcb3c7b9c96c438d617fa0fbe388946224eb2b6c8cc69f8e0b2ee89079cc8d,0,0
e9e438fe4f1568e6fcfa31dc20bbc0e80cb88400a79b10ea3f030e008aeb83a2,0,0
f1d4272a9158487e9ec83922166d9a7f20455c26ed6131c8b22fb015f61fffee,0,0
ef25bea8eece0b817cde03084da81641bad9054ccd5b70daf04fc5b48a636397,0,0
dd0c0ff208dbf1d0861f778b7ce1271692f66d9dfd31e80828b65d2c3146d030,1,0
550f103b872900667c1a456e59dddab2673995e45d54c5910af73c63b1458c72,0,0
c00f3fb1425e001b65557a9d6e9711760ea7b68eba78f01a90839f8e3f817743,0,0
0915a029f492e6ae3717afd528a94f71c87641b72b5d10aece947a7e513ec478,0,0
99ec2ba9e700fd1d11a1a5d4da404a15f5d77f2f033e7659c0cee56214193eac,0,0
94fb1b003cfdbd6e5be547c947547db58efd72745e3fa730ab86a91f20d161d8,0,0
2afc5e8a84237a6f96235231b49e6585de95a45d304cb3c5aa4b0cda00709fb7,0,0
a0ee6d8e7c69516dbd972528f0229a105d83d216f7d66a91b14e6bd6a0aea656,0,0
e280b1920eacfe4a0e84b55e532545caf70feac178c8a7443cf2dd544e1b5e35,0,0
4cd22c2bd60c8b11ba60714073aab4f0a771e96d2ce23caaf06201cd9953b798,0,0
9ec955ab97b315e4d1e58a678277e0d99f67359278cfce9c497c99ca222aa30f,0,0
6121ce8a52ec0f9efb69e958c7c6173c476f9d5a0d5a144a20fdf3a6cb210adc,0,0
b77014f949a04f388d269e73e771be2e2a5aba9a2da311926563effafc3a2fac,0,0
a927e5b64452d5f9fdb06da70bf3f8311cf867bcdc9d959a6a20c2abcdcbfa3e,0,0
b353b9a55262480cd78d12b08388906707e597af635bb5b230a48f4354b7f8ae,0,0
5a791128c8e82f8230ca9ec7d115dcaa06e0c99b7da3753f23697f42e889a461,0,0
d3e595b69041b2b1622a9a84b2033b7b7afa018e602cbaf82ae750fc11ffb2d2,0,0
cb254e9fc81eccba6eba8fbbb831e82dc98fbd0c8a03ec320e2d1c48b5ebcacc,0,0
b091afbfc15e48ccc090d16e3b4a8e610f3cea3f3a6a19be82f9d37cde30743a,0,0
bc67488a4e51c93666890b657ba20616b41307089af6ce5e24acbb53d07d2de2,0,0
8eae2d064e7faa4f67db8569fca6669e67b1908ef93c8370ae2987f5ebe0dde0,0,0
58736e226eeb6844482d8e98d0d62dbfce88e04840175d8a743f842a482e7b2e,1,0
127abc10f2e351cbb0f5af4767d41d0c3c4cbb27227e17bf572fe635c7d3ff4c,0,0
41807977713e90dd41cd84ec2f3f88045ec515ab9a88edcac578a9edb256dbd5,0,0
485ac9b1718bb5bab5db6a2854a5e4ef92f8934ab799560b31fb37c95d6b4ed8,0,0
13f9e60194d11d80a69e2839397a4bc011c3653ae4ee7a220a42583fa502df3e,0,0
f3e74e57256992bec185e985bbc161c7e1786a40431811b4b0180bacf9677398,0,0
59c99f046ff3bb804d5ad814f6cbfc16f5203e0e500856f88d916f2f38d70d8e,0,0
4d598edd78a1f295ae0ade9a9596267124cd3fd39ca44c8d5b903b88081db4f8,0,0
162ae552af89af2a2a990248c274386b5792e1579bd0ea3a6a6bdc6a069c234b,0,0
45197c7c57c85d9b6fd0889bf956ecf19aedc4544d2d428b51315a86b85e18db,0,0
b9b833938764a690617c75363257e09e981ea85900d49a192ae4f5caa1c40586,0,0
1a16c0e59dee094c3831603dd008f530900747adab12da5ff49bb2057b9912ef,0,0
58d82fd5dd4d12862bc14141daefd161fc3ce1a9cfc64efef50e6725f9ee4045,0,0
b65f9966733f1cc45c0fd6fe29b1fb6c65daf1a618015798584e9fd8551b5ede,0,0
5bdefdad1145357cb5c6ff2623b939cfe0be6561c42db9210cf48645f384b696,0,0
350d0060ac58a8e7e55ea6f800315fd0238da0affb5954136a222151c829d57f,0,0
842d73f6137de418dd6c202b6bf1f8a9d370eb2c845168c69032572b6538ace7,0,0
e63d6d2fb5aa3f2a58d413e451076f56a48d09a741b1e64293c89e59551813f5,1,0
a707bc1b75bf135221e2ce1b010a3240462fa614d227b2c71f5f92c466c40f11,0,0
bd2b4483c340028f3884019057ad91aa8f440043c86f03e4a33511d3f88ec349,0,0
ae4f211f7798e300000f38057fa5c0b91fd4d62367d11a8c388ff912e00e87f8,0,0
ab60cc086dc7fd2d7dbcca832b33f0df3f46e99c27a9ce957e5294d6ca3abe5b,0,0
fb83268136b9e04b877ca00cb55ae008b6faf6d426445be757e5856d3b819504,0,0
4cf4c5f307a4a711e16d2cfbadb2a3ddf4469edba7662e4ce980fe5b3955deee,0,0
44b3b5500f01946639ca92831d63a4f2e7cd87aebd5264e724990e198a0d81f6,0,0
b63a3ab62a6cad51a3fe8528c8e8916aee367284217760354d4fc89b49d2d502,0,0
8c6c24ebd2b9955ce7dcce2420077294da2f16937a04b58bb7a508cae1ae6b3d,0,0
50cea776ca22c9680ef6c12a866d56d103bb1f7ea6eb480db9583e6c9bf536e0,0,0
f8495a8eff46d2109bc0896e519060b6cef94e16fe17ff78eed01d97646a22c0,0,0
7955b23b64c4e277dd3bfbf3c4b82cf1f14abfee33748410cd63ad2a52422043,0,0
66d58e5e938911656fa9301755779b58e3d2496508f1709f29175857b1376209,0,0
9f2d716808cadbc996d22bcf616d9ebcf89082f16960882316cbaef8a3d30121,0,0
1e50196a955b93c10c27b56b52bce8a26fba951774b4543189c4690f83e60738,0,0
f26d461a40394c528370e48343cc2cee4e779ad9fa4f2ae375aca472cacd533b,0,0
fecf39aa5969309f7f2e8aba8183091830189f99683076869f5d5d3f1307b0c9,0,0
3bb286b6a8636d36122ab8fc3fca2fa15e642eb236b7e83a78de55b24a258f07,0,0
c10dbe3d48823cc821886bdc1a186a3bd28da9fdd5da4228a74702aa092373b1,0,0
7c9caaabd3d36df19736b817f6c2ecd44003c7974cc625bdd6aad32e5113f81e,0,0
5620a668b76654adfd8d4df2f8e913ac075e375e1996a570e9bec5f4f08f020e,0,0
2c8a8257e649853e2542024bbaad63486ef4942983c6b58e6d053db62b78d3d5,0,0
c702ad25a40b7ed571ecdabaa90a1105f80255f3f14689eb8220ef040f4ff032,0,0
e37e9062abe4cad62700c09c04523958b2712b77788848db3a7318ecf9e2d76c,0,0
1b24a3d18c559d1d3f902c6af7532eee8c1af8c0aa81909dede8682b0290de95,0,0
c56a1a2a09913feaa526aa7dead3706eede8a9c5fb28f463563b60ccada54459,0,0
e99c16107c67db405dcf4d8466cda5c833c697d70ac1faa95ae696c9d9324250,0,0
75a86368e50c28c146ce130229c4f54604499e9e48cd0129a5a4ca0ec1521fcd,0,0
51f5f3bc8bd673800146ad1ce10458274a2efe2af1cf4772dba4fc92554c4a03,0,0
b045050121c3a413583a2eb68c62ddd4bab6c73913037c2a59be59cc74c03532,0,0
2add1bb4080ec680ccfaf8925044d28b8fbf3085dc485ce8e1156513d1c6ff0f,0,0
556123ef63eac035f1e7deb224f00bcceb95daae2f14ff2f179a955653da2295,0,0
8a685f550a147c83740329423cbb9aeaaeeed5f1d7b39074806022a7256feb5e,0,0
d6fc12649320ee69d993a6ddadfa7cbcc504a5bbb2984c58e7ce6d483d322f55,0,0
d095df2eeef539784a2f4e13d4d15b80afd34ef9a44ac407abe1234c3686b865,0,0
f0782ab6b7b0c2aef3f0b2d240455820b79fbecc482f371e22fe7ade0128ef26,0,0
9328f9d88bb00dde96616922242c50d01e9fbb4981b99fcea8ca6fede485b59f,0,0
caed3ce8366ccd7f9c141bd2bb03210d06e0383beaaaa5764a4fad92de2bea68,0,0
bed06a0bbce391f45d648bf6eca2196993384ad26ea8e7231a571b9c42da821b,0,0
bd501afbaa9d250d0c7218257344e8c83cdd6457b3f96348e9827e5a373953c9,0,0
2e8489f8b8a0352cb6ae3c1a9d784290dd197c6feedaca7888c5bf2dcdb37a0b,0,0
ce0b9d900ec206b742d254a8e63b209bc6f43a4a3f0e3167457260873c8e4506,0,0
b9eb723e61226ac49d778f0a066aa8b183b191da5d132c4ead034a614dd7b611,0,0
6b8e7fc38dc11f3049d964e1e8751d2f19cdff9cb254544d10bedd714a4ab12c,0,0
e9f3cb9c4496aca25e0ba12342c732856974d561cd9d2562dc5f6096fb1dbe30,0,0
740d43295f74f0877d7d7eeaa5ecbc89d6888eaec17d3c1363eb2a6855faa48c,0,0
44ab02f7e8606a2a6c6b9ae889c695fdf265b36fab5d49eb723144abcb25fc46,0,0
ed0f56958ced130cd43dade968a628dd16d4de008549b2686e1a362d6a121fa4,0,0
168e927cdbbeeda03ea005dd4daaa810d00f22b199fe7865f8b1e7cd0e3a789d,0,0
e33bf59fb5600ccfb27cf79b3342b9397f3a25392b57864bf5450b93dd013ff6,0,0
610c802e75a3bfd3b7527d2baa0cd80bc1f3b8aa58d0443e7b20e5797b12067b,0,0
d713a70fa34b3c1f047fbac92231fe1c9da22eb54b7d23c141c7d613b7776176,0,0
323941ca5b05d9f7765433810d08f0726e640cab7628a35ec6e8cbb77b2d0813,0,0
5c8f607d129c5e80a5e7d6cbdeeaf0a0419ec1d07dd1d1f98a6b19a966d27549,0,0
5c582f140adf80d2502e0472d68a57376ef22cec73df3a04d31001fa5c6c38ec,0,0
7df417b73dbd4c17a107f847c6cf194ee7100f16ba759d7a3f45317894cb4887,0,0
8ae805a7ce7c5a07cf5d13e7e24fe475ff68384cf75c59a4eca74cb8c95e0a51,0,0
65f604d448eafa36cbae08eb21c13ccb0494128d151b9f71ee0d08a76b71e2e9,0,0
0bf82546c485053bbe96437c130c79d38d86fa159da0d5ca63ea790176cf3ec3,0,0
ceac655e7653093e53130f5e354ecc2e9ed21e0ae120c944e228b1e3adc60a3e,0,0
9e47726a191237f9dab609681f3efd573c4d5aa9c8642c2d81a696adc0049f8d,0,0
622dd0fcc758120a5b601b3186d3ab959bf6a0ff5828746880c1e6183a61c35b,0,0
c1a048c77a30c67211a0ced876b3df26e079b731abb204486044d31e0fed8a29,0,0
24f0d4d53cdf6df55d92b35fdf484a0d102886228d5015965ba8fab21da71fb9,0,0
2d61b723f314f9c01c630572be0c33871940532952750ace764b7276b5c8ba8f,0,0
d46276c33347b3923db2798388e35d003d24cc08af9627399adb54226a829c15,0,0
61a1ed7f2e7d31671012fe1e71316842f9e66c8b57d63721e69821ad2f194c2d,0,0
93a7516927c4c860eed61f3585ecb464be2eaade8bdc00f45cc6e5c32fb9eaf4,0,0
1470e94152513d475b7e27109a8296b3f0c35919648598b45bcbe8165dbba438,0,0
dc5c91a0601da7f615a015c67d678e6b84bbbe819103f8e090ae2a1a94c6329d,0,0
833e846ccc6d51f18fb6dee076677c2e479a8da166e938c23ed6a52cae23bedd,0,0
ed3152f6ea0f51224de2b5ecf036137e38d6aa1e31531cfb9c9dffa821b3f342,0,0
6a3180f1ca40c12fada70a6bcd139cc68eab872011a90cf23feccc9562e3acf7,0,0
9316648653353df45eb4da4d688af58d8fe06920e5bb5f5482a263496a3e4eb6,0,0
b37a9f5d0f68479647a4767dff8e6326f6ffb62b3c1b0674dbde97063bbec9b3,0,0
df2fca25dc0f1b397d770145d23ac5d2b628c609c4dd82c0fcef6933a1f93e5d,0,0
1cdfd3b6c1ca0fb0176101e1d670dc87dae609d12c69df5849584ff686c3e676,0,0
20fc5536bec8032325cf43b79b4a544a4b1bd02217d35ea564bd6f8eefad8bc4,0,0
da7b987b52f95209070d80ae8abe8e4a375cb41ad6f64d1bfbaf1957445c0304,0,0
d8535bd438d5c0ae236ef2784f2c4ae97a0dc71f972985e7e240d37a91554521,0,0
0cd9f545a14078236cdb7ebcd214b2ede3630487220b3635efd5c74d09efa791,0,0
082ce22045cadbedb74b2511700cce43296dc35df0e052cb7d71fb3b4eafdc72,0,0
7feb4f682aa7aef52e50b7ddd8a2373234152080e9bb5fd15566f8896e7f82b1,0,0
ccc705cca95b058bebb369ff76064299a10b833ab579a0688a10f2052ea2eed2,0,0
82d7c4cb5572d219e626992f175c1fde4d9aa9049f94e958761f3780e3c7ad08,0,0
91f99c2960cbe41a47835987507366cae0d6fb352733659098dfba77b9dca5b5,0,0
99954c8575a08650b0a101eda273c8016ceb982195d347b4c18239ec94637c43,0,0
e1e14cc8fadb64ea00b43be6c9d6e11af980e24e3d2aba8e9bf177655bb1c0de,0,0
fc57e1c514e9417c95f586a4df22002b93e90fd744efc90d37987d238b7e656f,0,0
bbb579eafc914bce7123c315347578f1466140112cb0be50eb9c902b7774cff2,0,0
251919110d05842e7fc9a08fece99d1086faa80de9bcc5de0593949880a222d8,0,0
7fe38214d740ab9e60b067a87396d5c718bc1c333e24c88b2873dba911778213,0,0
bc4df908efe8a28f1571341821bf54b4352cda18d8bf8cd5bd1680779b0d2e99,0,0
c562a8bf9e536fcd8a6640f42e7f428869c5ffe3ee06fa67e3debce66715efa5,0,0
a86820ef9bfc381b9a0b724f31ffe785277c37ff932e5000e531d11507749fd9,0,0
377cac422fe12da9faf80b9773f06c27cc1e4b44ba3b5fa0da4dad455ffd7ed3,0,0
042305d3a473667cf195b7c945acce6688e682f8c3d494629d0cae1b051c3de2,0,0
e38ea958a981c83f712615aff7e2b198bfa8487e8dc909a6a08059d29d7fa6dc,0,0
dc222c11c1cca6b871310e08c174f5b0a623b30d373b9ec684b622ea98beb958,0,0
fb00ce2cf5223760ad1a55b01d5591639de375c436133f1b003859487e67ddbe,0,0
8fd86c1ef16d7490cb35816524422cb66b239ba38f903ef84021058a3a1507a9,0,0
b377257faf2accb76711526a60d1edd599c91ff46c2e4a66a7c8b6e4cf15e5e7,0,0
421b35dbba39bf7ab69f792fa74c75fee5f72c2bfd30a9b6d55edac18f8e117d,0,0
0b7404cb4ef388260267f1b58d8064017f550bb450f3fd2983888f09971abfb3,0,0
3e99b78b1f3781ec75a31541363c94805326b94eb7205ec171b5daaa9ee40343,0,0
ad589c68baefc79a761178491748c30f41d0faa56e12c847dbe9d205696634c8,0,0
8648f42cd0a3453f0a0c1acef66a554eca75728f9a609e80f25f47ea653f7fcb,0,0
68c083b2d0b1cd02075b3be6d1b4d5b4c5450c13118ca4d57b602ecffe91db5b,0,0
ae3d61f7fd351cb40c6fe0f62cb6f7c337843e4f9cc6320ad1006bd086acbdfc,0,0
f579848d5be27f0162d041b9717f6958f66921c3f62a6d8c4a91612b59e7b83f,0,0
949105a26ea9231ff994f47dbbe35adf650c7d817f5986dc839d102e7689973a,0,0
785c0d37f92434104f8c7d78e6969cc8af22f54001ad55232c997702a52f0621,0,0
1b16c7f170fcc21ead02c63b0cbfadd668bc24a889df93fc75e64cc6ecc78496,0,0
ceec6133a5b1248c407a0cdb2172cc48265f676aab03498134a2d2ec1b4c8460,0,0
0f367af58156fb8ba0cf883510f3c11a0d3b82816bcea47b47b568347dfbff40,0,0
04c3c8a227e783f208bb61f85be305c12fe29aa88b65a0ef0dbbd584fe9c7e41,0,0
8d32dbfe03a7d517dcaf7ccd237cc829b37b6989be77942c897008104e351c83,0,0
68a2effaa18b0090ecb32b2448d6429f3e41177113fd0c711e36073ea258a489,0,0
2674d16729b7e53882c60b739bcba7c06bdd7a01c614ebc4f6d509174905f915,0,0
7cca404f7ce27792ef939a70edcb4ca96665c7b95e1c446bfc53c1537aeea36d,0,0
277f73ada8c39d9fd63fa6cd95d2aac12566e392cbc0320d17ac07f5374e6016,0,0
fa7ef65be33f6824b5da4257fbeef175d0fdacf53f2f483c61ef072cc9aa12b6,0,0
add83cd46921720a07e068ea9ada73d1a8e95453d0ed6fe88cc0c52f8e4f6f3b,0,0
7593ad579d08519f850431155688d11b9263d648a31627261b5fb885922e3d16,0,0
78e1d980f05f0c0089900787f42fa066f1ea06cb75ca5e0fef79d06afd143ff6,0,0
afe332494d44d5f5a10ad43ed4f479aadb1a815d5a6d45fe2344414f909840e9,0,0
049a192e9a8e9110b44e38d4bfcab9b476a6d00d56f1a23b3923cf910e8b83a3,0,0
0770be1361da15268687b3be7521e023220e68c5e4396f3643a3bd0538ddb306,0,0
559fd3c18dd6c63b3fbfa8478989b2c54c7043f54e32c622d484458617e69631,1,0
3e37f54187ab3a3aa02a42093281e992e9ab2020450666541b096c07b3d2d1ee,0,0
155c90586e4ea2c49eb64364f903754c933fc0eca6f395320c8dc616de2ea2ff,0,0
cc7d10d169a25a0c08f575e3496c8b7da5fea5772bf23ba0b44a31e536e00902,0,0
3e99f3306c422d455b8c89861f921bb59888967e595dc8ad6129d540c8a933ae,0,0
be572ebcec89b103759b66781221fa6aa491b6bdd6a11ddcb9f9aed794155cde,0,0
86cfc3948ff987b3b62c5896fccf2040b220926056723abedf7309cd3fabd36b,0,0
345551d1f76bb5014ec946f5d83612d5be9bf6ef77df6584c248fbbf546ca023,0,0
5c4e217d9a8da166384f61a9600dcf980ad0ea28c7b1553aa26971995b3e0dad,0,0
aa57c495bb8ef2b20a7311c7dbd11680ee1391bb99217d18bdb858e665076f39,0,0
05628e309273351a440ed46933559bf26a7b5d7e23c741f6a7d88b3b68df0319,0,0
4e7cd20e42b6dd29577aae4fdff06f74c36993e914c7782167ccb985af1099ab,0,0
71b5c219e1fb06fcb9dfa674ed3cd793600d3f1010ee18ea769e488ad99e0d4f,0,0
3b04a87835a51550e91318f258025c727a87e9501644445e9385ff3607905b3e,0,0
794628f84aacdc3236525dcb177a1e6b231fc0f624cfa8f7e1ef1c3d9665a7a1,0,0
6688067ae72d8a3decf9e81e43343485bdb0f24a7b2a9dee1e04987ea5681ceb,0,0
93fd2c5ba92311b4e802b0a488c3391efcc0036ba52623562febd6519c1ae381,0,0
8deb6f21e33eac31a1a4c965c5c791dc039faddc0fd4e566212c70c6abaf1362,0,0
ae9d4d26cfac36e570424f2be59906e87dd9e70b0afbafca72605c505fae6dde,0,0
c112f4504e92b467adbd121e89a8e2bf28dd6860aaf6470dbb473f8445f0e6cd,0,0
740f38e72f006fde5af76f9dd175d0ce4e26abe6acf4926c07e8fa3835885f81,0,0
8884b7789ecfd77534aba370600cb5e0cf99154acbc2848ac35e313a811c987f,0,0
a776e698b27789fc66cb02a708b0cbef27400cdf9fb8b4efc8d203f319947f6e,0,0
5edaad5990510bb29632ce7bb797ce5b08fd35803acb89bffd12da40e1ec3e52,0,0
579147aa6642d7808042179416517b736dc6d7468a65f95e95b5dcb0b0f4a6bf,0,0
544d148dd705388b86c56f0212302c20f9bdee14c62b1be64d8fe13436e16828,0,0
522888153614788777379c13b4e657800f5a7de567eb9903a338178b4b958314,0,0
3188235c0697367c89f17d8741ef0ec395ad2be96dd25415525fd00f5bc9b05b,0,0
1cabb5fa29c3f83ff7deeedd36f3df2a0c0f872594a21602439bd1e4b289d570,0,0
0dccb208de937f5cb98d5eb0780173d1f0596b5573c022db59b3e802eea88d34,0,0
8980f0865b5be0e25d491586b2c51cb8d6167836fa48456b97704d3adf0c2a5e,0,0
e905a95ada506867015fb413412e2d3273df909453a70c64a0698c5278b578af,0,0
efcbdcf83f34395171a971c5716ec61efeb846c2e2cffcc2bf32cdc728ddeada,0,0
89d1c19eddd30b40742dfc82b1ea985337d728dd001538e9f88824f072423b23,0,0
01c5cd2c366d3789fc29c1f474cf96d0add419a1ab40e9745bcc0f6a2e721eb6,0,0
021f30dee411304112c78946f20f192819e9375db02aedb5bfa4ed1023722d8c,0,0
5500c9f3d9bed8a0e8afaf804730752e94194edbbabc9da6547333aa0854da14,0,0
85397038e91c6a2d4855fcfe3534ee919188585f77a2100c6ca3e1c2d734ede1,0,0
ec976304c3f21b8152086ca685fe44f9dd320b80f6c703c7ea6cf6b8a89265dc,0,0
9f62bc2f43376832570f35a48392991a0dce85308dedc150bb30cf54459860a0,0,0
4455afaa87df51240c82846a03a789655fe4b9d2b0a9ff00ebf7a92e5f2da62e,0,0
057544d3c1e0ca0cd359621b15bf82f0f5c97c7e0aff8d8b06645b189c684819,0,0
7e247d9b5df0441ac7f061ae1b15594aa28a9d389ede2520f47cbcd47e5bc222,0,0
b5347bdc6522b42e7ff234bcac1bf59b954f6f50deb1fd4d81d8ee7abb41fa8b,0,0
79547194de2d03618eb69e16ec9c7da8e44f8eec72e26e89c91dfb1e61d15b8a,0,0
777c389b4b5413305845d82d0a0306036b8e452f87206944e5ba7d0ea1bb94be,0,0
50c92111dede495e8464e39352fc4f2ea9a2f6d2e664e3fc9b79bb12aff95a9a,0,0
4e2d86b8479f0d7449da3e3554117238d3b36fa8335e9c6c50f61fb0ebe0fe88,1,0
6d91f4d4ed008d7bb9ce2bd266bace75192ea154c4dbb8c895210097376b0917,1,0
694bffa645b6af0720b825484da8a71aa3b2584ba3cfd58951acfd7855d4572b,0,0
30482875c4e4b62ea44e82955ce78de6993ac16bbf0acec7781ac23623dd72cd,0,0
01386380df5f6755b0d281159774d086349b6e51fbce5378ff7c89902059a614,0,0
b7afee964a1c96474beefa50c00656a3ab37055ade008cbf9c7be25312f9dee9,0,0
dcd9983591f6be599a7a89984898b321c8d01b601ea0c2d3de183f8b7970fc52,0,0
8691f8a2bc9343175095fd28bf6bf85613aab02f49391c97417972b0bff4978d,0,0
a8430852a83041e980083a33c31db73fd98a895c9243724e67d1391e09e4a2b6,0,0
5378f06413a30dc70dfb7a55e449315ab5f28ddae50aa485b031c56a4d944442,0,0
d17d890b76045be0ca946f345a219fbcf1578fb759e280978d0f34ff8b6af201,0,0
127adc40677d91fdd5cf05151a5215705d550573fb0ae2db9ebaf97318843650,0,0
0927bfcbfdb5002afd7a3d8f94dad19e6c84f558a6dbe4e0e2dbd8b85649d140,0,0
6085828be207e9cb44423512b770369714e8cbfe6e2f70a02c175c43eb8981e9,0,0
c0b591000ec761cd54a50b4912d4652db1dc60dec81cd64d9c10a72fef6203bd,0,0
68e71bdb4f2cc01e36b313fdde3f2727df34bc4ba6419ec697fc6af413fee770,0,0
0defc03f664ebbdde2fea9224553d745518413b954da819b53ee034302ef6cb2,0,0
8e43f78953bafb69d7eada5342cb74992afdf799b4e451162e4a34b5c73afadf,0,0
98a9181feab866ff35d681ef5b7b4be35861d061cdbf994fbaef9a97825480e8,0,0
298ba3339066d4a3f3d383f0426f7d229b5590be3301647e3a089c349ad832de,0,0
194ef15afd6b02cfd5a58e261eaecb1316ceb7ac89fb0cf880fd45dda6916135,0,0
a833b4a7e4c5b87dc8b90c81b48a0efa50a0bf640382f4c2c318f9f691dec784,0,0
7363d6a138b370cd1c1e83c8378bd395b0c25e9a6f240d28e15998af0bf33eba,0,0
5df266a456cb2d6bc1ec6740c54e25ea29b0ed1dca8e173deb08e20c1fa184f5,0,0
dea483270955f693668a0cdc5617de4bc7aa88faa141b521d86aacec337fd2c7,0,0
f5a4df5e13f2eea77b8a507cd66cea2eaaba1e3b94719448d1eadf142bc64e8c,0,0
8f289410567f9aec643c7abe43dae203cfd59faeda70cd7df1c21ad9f1cf5e66,0,0
1a8a2703e38e9ec065f396d321606badd43bad64f851d52ba95bcce5a45e8019,0,0
f115f025b84e30b622b87b1d69307c5a2c05b4f3769180112d6ccff40071842a,0,0
56f55b1af65101307a08db7965989cd0b26655ea3647655702d1695ad4d0acb2,0,0
21913a27fd8537abe75fe1c5e2d572df0d238835c19101ec9f305a7f8f72aa59,0,0
7b2ee6fdae5b9d29dcc3cfd4712ecf558647ca68b9b6e76ab7aa4b4b4abcb05b,0,0
cfa8e18c6167006c83b51b45cce038c094a00fc661f29defc3e67babde0b7e09,0,0
3fa3287787431c0be572d0b68f6b68d37988bb34aa3b3382ecaaf30e8655a096,0,0
cdfda0e681e9e56daf44176f4a880d5309df2428920fde3551ef106905742221,1,0
69253c725d405f7766a4758a085bd913f404a5095a25adb62b26b8b0430059c9,0,0
1682bd50d1cff1994039ea056341db55fbcf0a68ea61c9a3dc061e880cf0eadb,0,0
81a587e1b368ac3b06f082aac5e6d4dfed5b63d5bf901f687f9ab0d4c56ca825,0,0
2f7ae272718c3a825ccd1edf1ccd2060a74e3495e5a1f2dab7a26abdb091205a,0,0
d63c32819811f8845dacd5d165ffcecdcd1cae4036609abc2e5813ddd2a9729c,0,0
c51b74e692081482904c5eb4c360a38b7c85dfb93a67062b6aa1c57f8b8cba38,0,0
c6b1f372c436101759091c4f980aa40f3118a49513eaf23d0e6cf18c455a3e9c,0,0
7a66320108cc326d1cd2a7f6255b85126d5e9cfd3f5f7356ec777168dfe36bee,0,0
3027ebe0acaed42df3dc633c99ee5ae8af9bb5aa5d42f084f32d59d04baedf1c,0,0
8250611f5916f28766c8a97864381b651370c49a1eda4a042756e1918ac3140e,0,0
7936e3571dee4f40cf7e7a65f488af4fee1d5cdaa5800c850383bef2dd61eae7,0,0
84ef1ea8e1680a4479ed760b0bb225d2526d188cf32460c6617e89a06763f215,0,0
22613d3991a90093a2fadfbed47c4c2277de981603e23d0e108a803d27d77ec2,0,0
9c294aa01e23e5e4717abd7ad602e0c4f5952f68c5f3263a8ce56cca6d60948f,0,0
c7b9b30219a688770c9afb9893b0a75d8f85c305ba202f2fdf52771a5441f4a5,0,0
7424020e0e9e2030c42f0af6722f4426cec46c128556a8a0a3232e541c6dcbe1,0,0
40a38da71626483775cc27ed3c0d478c11b93da97156b27fdffe502d51216a05,0,0
a88e5a8095b110993a30ad8c774e1cd5dac615c3dff7d31fecdb804a43373234,0,0
d48edd8b8e01dd86cd794fc0595869a2e5e7c503078c4ee95df09c2c64a6e75d,0,0
784b4ea1cec6649f40b0f66fca0e674ea770daec511a85172ad6e29db085e92d,0,0
b24617f093d0e158dace67013c49d246cbfc65f55a2ffaf3937d721fc2567286,0,0
8d88e30487c07f244ba8245392fc83fcc5b95120cd899cd1cecb3629e3bb2184,0,0
650e0fdecaffd91b25033d1c5eb396b71e88b1cec6496d7faa31599372e006b0,0,0
d1804d5c59bb6b82f58bf86b3f07b356c72a98f280b056aa26816c3bf77a550c,0,0
771bad9fc42c0c9210109f30639e2bd64b78ff0c7b26b342b5c6612a0488d681,0,0
8f5969b9ace82fca384b87430b9ff5decd5a7dfef1e614738d3ac53e9182eba3,0,0
f85bb7b0c9e87dbe5cd25ee489eca97c5c7b4fe810d97a35a619a07d41b59a28,0,0
9065de55553b2ad2bbb1d59b2cf4588649e964c28ba78d438d9e02b01b588111,0,0
6feaaccb25fe89be9aa508b296e3451478ff8b727fa0f21fe6bfb73cfd0e6d4f,0,0
6ab5176d510b83da42c49ed760c421d09c79a1fe9c5b0dfd6ea73b81daa57ae3,0,0
75ced2304ce765b15960110392c8bfdea7a673776a739b39ed53e613b3d33178,0,0
63f61fe473d8bf8099ca92f099bc6ef0691e360e538f320abb9bf808746ef6da,0,0
8047d2e7cd89404aae716024f3733715f81da83a0b2d99a69f43fb0f1d883016,0,0
f564843d7af0d5974d45033b95e87a749dfa134ec937886d18d1fe9d4645af3b,0,0
8e753adaeb1683751b2bbcd2336a7078cf6e2f8984f873ebc8bcd00f801a3f35,0,0
b8c1b03ba79c4dc3a8ea42de897dc595351ef88aaec155b2caa3d9f087b840a3,0,0
103c19b21b33a446331ef17eaebef3a85b8a567f57816df91e541ed4e3cfd75d,0,0
f1df9cc7176fd9b100dcdd00528a2a14e24e75702eb270b219667435cb50ccb3,0,0
2de88a0546fff8ce9f754c2955c5241d19bcca0a5d3b0ad5ca4c06ad5276e54d,0,0
e89483873629b71636961238bdd8c526d6425afce6d865dac11a856ba06857bc,0,0
d6d5c40bf016ee37cd609d18815b7025901410d8f3c69725d6198c52de28835f,0,0
6e43d0d78f721c4a766069fcf0b6c863d0509b04c527cc77c6bfd416ddb5d983,0,0
6be2f60d73d1490108d0a0edac59732b47f29aa18aa02d6887fdf11e3aa14089,0,0
cc8e99de4fe62e78472431f2e5799a7af934abcf03013a1332a2b1cdab5a8036,1,0
6369e28eaef49becf5c825a5dd3f9b923773af97ab4cd89df5ac99d92c5c3dda,0,0
35a97971e4d841121923b0b48aa3b351c682f1267ac9e70671ebf6ec4ae4ce25,0,0
ebed7aaea0b8cb2e0d15f04290fddb236c113817a5a05ce45b0d12b425f30240,0,0
08726287c9847b3e9ab09573cd26d462d840a66ed233dce435e56d89f693669b,0,0
ad3c0274f217ea5af182b80b6e3b25d35fd2d59a62cfd8d6c627d2b0959c066a,0,0
a5e7886be4f2930abb465046ade4e1bf7aa41063e3118d76f8feda08e6142491,0,0
4af303a9bd7f6bf15d3047364d64c30be25bfb4f04c1c7a9b7a8552c832d9f3c,0,0
7f65cf90f0161d6950e86bd7ce6244b24ed37363d4864cbbe9e1a61e3328711c,0,0
cc8c308f0ff08ef95a44dd33330952d056a18e3d760298aa85fd2824408098f4,0,0
cc2d836a357dbe6049240fce21213cf8083a0207033a312284473354952095f9,0,0
be807e9f4d920af8bc79072049124d70f048d0dd367bf75c7523521cf4f4feb1,0,0
481213295501798cf41b982290d136c21852f7847aa331143b85dacd704c504c,0,0
28927c62a69b66ccd6ecb15ca9fe6d9a2589e96d2dacc86265f0a0226def2546,0,0
4e97b734f9067b5bb5f0bc352edbbc882196f5cb05ce5628caa2a5bafd8eaa97,0,0
422a44eb08e187c43c803f1a8e4d55c1e5c87909f1cc124e3a3392ebc14fe726,0,0
0755376bbd4b1fe30e40dded75a4e3002a22d87dbac9e1673458e59b390759cd,0,0
1124b8859c88923fc6ef59d355cfba2edd7f07b6620170a2006eb47ca26d6c8d,0,0
34afaf4a9b61be6f66e569d5fd3b94a45fee1379dc8b9eaadea6a0a5712a6926,0,0
0c46dd4cd5e218738cc5c566f6ec8ef1fa54c6cc1e6d3454fe21d478cc975e44,0,0
c915596cee5201df71d30c216b4bdca30dcfb5fc7b89eeccf6ce636f332a1277,0,0
070f3c4394b42f1e1a2b0dbcd380b56a1a46550fca37b716b5742da5c78ff464,0,0
ade91e755b456a072d197195ecf4b2efb6344df081bf5f2dfa24bc29c1999952,0,0
7af2f5e65761c3121c7bb8d8f2bd1bd2d2e101758d6d5f1477992503ec42c1c3,0,0
5da98f5378530648dd7a984ed8700647497174aa07af274fda5d1c660f09b324,0,0
ffbeedb1e10b179f5be60c9cc8d6b3097097cde4abf081766b185a6674e2a0da,0,0
c36c3283a661076f1e7128d55ca80038e778ce883dd69de2b9d8ace8ad53eb34,0,0
7d4b51ff3c1846e3fcfc2eb68592e1580d985e40645f873637f4b2697a8204f1,0,0
33bef09575c2268bb65c68dbd7da6f3dd7f9215c99ac180df3320d2141ac93fe,0,0
20e9a1339eaae2e2d61d359d964761ff18f2f7dc46f07f413feebc371da2b32d,0,0
a8fecca01544264eaecf141623151d4d43a70363ee04492d9e82321ffb3fe07c,0,0
e6dcc13028f0f9ee4f66fde4ce8a7cfe3bb39db4c63ca65585cc35ca7bd0ad69,0,0
425608be51453d6974dd40301d0712cebd73e24a27bb48e958a24d929acf0eea,1,0
fd7edcb4c2968a2eda6c7f152e4e2a9dd456619ba5bf8000f73c61528587e9e0,0,0
f1530abcefc23358cee0182f0c7365dfce2b8c879113da8666a347674f4d69fe,0,0
50968c7f5631f5feda72f4471160a54e90bbb7b276a810906134a536276c4171,0,0
9ce87e6c4a15f67cec666b793e53ce3ba91adcb57684d061dccc91c0a045ca83,0,0
2a57e9bb4330ae10d81c978115d5e231f2141f87114f24d96bf71c858b9c8f7a,0,0
148dbcea89a2e40f04803b62e8cb1b01db5fb9c0d9e357552004c743bce098a2,0,0
ad3f8caced9f7889b453369234cff8086deaddf6eae771f90e796df26e646fe1,0,0
514416012adea9fc1bc410d543fad6a838b68de7b2034b21d4521974058df8b8,0,0
85a5b1c903b5d429471f446a3ccd73c9ab101efa9cbd1c330e761b4afd57b2b9,0,0
85f214a15760e6f1dc5cf78b414bf02035262489069902735e8672641d02eb0b,0,0
abf6143725ee3ed86563bd736f7c6c886f394e003079eba3b13b3c480cf0e16f,0,0
123de664f9589d4e42ed9842322c7e621035d77ecfa288eb457703e8edb9da70,0,0
732a029ac560fb2ad8ac4925de2f2d9a930c8b564a27a0ddfaa95c252a2a57ec,0,0
ded87209bdf6a7dffa9e6ef02c646571dcd8a546844bef70ddafef9e02f77080,0,0
812fff72e1ce529eb42ef47415ffb2626cc92e60589b7cce4b7b94cf67b18e0d,0,0
d81baf0e3e59149ad7df011f171fbb7d55cd8b19bdf6480b01d625056a1cf999,0,0
c768a0a7c946a0842e287116b1421f7adbce4e1002653447da3d44ff969ee687,0,0
12bdbeff342d28c5e221c1a202904de09f5a8fdded46d095046b060ba9fc3015,0,0
b6770c57e613f73ece5243cdf96a6b72080c5b12e075aeeb490477d61d922b8d,0,0
39db88fff4711d917f0501b38f26675313d554eebd0d0d564a1449edc77a0b2d,0,0
9a46dafc3d639d3c692caa563b59b6d82e1f48c0c06a874994a8001ae35f374b,1,0
b3ab6900ab299b8c1e02803f9d975579b1ee24898a280cda52379e7d57382021,0,0
6e64d19721612bbcfdb59b0c2be1cf59e5e840a3aefa61ff3aab314e9be9baa9,0,0
ef69da4fe93efe8fc17ed34f71a930024e2fb09bd19f150e46045ffa830efc2e,0,0
e5315b9191434e0b47737031476ee933824cd09dc59c1e51659498627399abc0,0,0
e66c882b66964b8432624cf7167f00079793602c5effa6ac604b8715a53a060e,0,0
7a7487a3476ade4229fb66da2bf9ef76ea9a357950dca3d80cd1b97509363468,0,0
5f53f6036ad6438808b354bda7198b7413209b5ef286ef93d84f072877085531,0,0
2e75634e3de6f2ddc64a6547e59aae52073bdc3a1a9c37a1892705b7a9b30200,1,0
343d0ed77ad5a8b075be2fa805f1543d60cebb642bb32f2e6d37fa350b497299,0,0
573199fa9598925f8818401372f6b3bf900947224b441c04aaf11083b2af79c1,0,0
cb31d673dd0967abd07c8286d7599db66a392679f1d4a889703118aa582bb522,0,0
12d8e90b3ea4700856cdcb6988b3d6921063244ebde9fd96c4c4c7828991c2c6,0,0
9c740e2915cdc45a269bcc2b2c5f08d6d0120f7365bf3ec544fb8a103e3007c9,0,0
696c523b4fcf5104c851d65ef5ca341ca67bc21ed2192661f9310acfae54b7d4,0,0
234bb8e58f8111bdf7a02a0d81763a7da2688e0b819aa6474580d4026ee5ed3a,1,0
fd1153e0581576f4ccb115977aa9b0bcc9835623f5815195f4aa28825b4db37a,0,0
50e0ab84779bd0607b658b82a8cccd1f3ed1e0289be610dc8eac7fe4b4febeda,0,0
9ec33a22df52c11d2ee160300d7c7ad6a3808de646c19ec3aced31ae696974f3,0,0
f696932af2ff7a3df0c188d4ffee375817c95aaeee274dba95ccd6767be69c0c,1,0
9109eadcbfd01044c7cb2625916ac819f8a351ed5f0ef79b89b144b773271da8,0,0
678726d51c44c351f87a70e303abc2fb11f5fc329d0fcfc0a4ee951c6f635d1b,0,0
934477404aa9d2cf71e4a93efc9cbd445addb102bfa956c9b684fd3392829786,0,0
5a1ab3f9e68fd430414d2c5e323566cc0056cf90673747bdf14595356fe24dc1,0,0
b3576a1592e56c27d3bdbd57ec2af2545369bd31cd6a67b756facfece321f895,0,0
f4c55b83edd8582119d6e0225085b4a637b1a266ed02b37a18ec4c6c0da3e525,0,0
066c251aacde28cebd5b0de826acb0391b855538e9661f0085b0b288d2dfb23f,0,0
744cd75b5dd0135ebb2893c7f14c48fb42c21bc679330d8afe1ee2ef82cdff20,0,0
372e86ce0200a0f2ae293b2d698644b8785506ecdcbbe8f2d03fde71a2e87128,0,0
4e96661a5119cf565a4e541a3e946538fa5057d590df53736112e09ef34d7fda,0,0
c553def8bf3898a98871d41fcb86ccd8e870b4ab0e27f3badb70234696a4e02f,0,0
41684165c90326c2c2caef11b1e707628c7c4fdbe3e8caf69774cb2cffc54a0f,0,0
f33bfd169ba12de1891d7253ce61676fbefbd0f62fdd843a0dbd85b6fa86dbb5,0,0
3fb16edc31569d57e29df32d20818b1a97b3afe087f26daa35bf688fe5b83a17,0,0
27500aa3f97788ae7a1a681ac93413651754a0b317ffc88bf3ef060c93a5f4ad,0,0
ec6f376e9d3a2af49f2c07045975441cece91f1bc7db06ae0759a1eae95cb4ec,0,0
caf725349ce62ff08b6f7b987e46d06180e6e21f3192e7216ea3f4242550f6f6,0,0
e1c8a63f0542d5e42ab30a734452a9cf3844f829b9c0335840e1731d0bdd3d95,0,0
9f375bcf4626737e84486e693cdf3ad4e3665063c5b7f31fe0e09fbdb4c3f634,0,0
7be65228f6059d9440f6e6a060d49097630b937347847170be9a01c6df67e741,0,0
5c314f51652e1871f7fb1e581c22b6d02d0b5272c277c549f27048dd72e7a06f,0,0
f0ed0a331dab0d289a48d5df213b85d9aa97480ee6f61e0d14511dfc62cb6e0e,0,0
81e08cf9c213aba87e099fcb50d60c45c3a11c8c696b7aa59c17924738a14137,0,0
2038182d4cb816dbe06a21e15d03fa0a245d57348c91d84b0f7644cb253dfb77,0,0
0d50ff3ff8eabcc7d51ae5f3d811331faa825f64b3a3b34adf913fd0f23e7032,1,0
0295f9e151cd9c2320c5cb5f088ced6b8db560447e34d9fc3bfb06a55171ab9e,0,0
c6260c248b3922b720e6bc8f6ecf7f4fc472d771733e3fdcf2b8b101e9a17b6c,0,0
b2bd6891d2a9e8c8c0ef40181dff56ef95d882afc0877c412932fc0d253ad940,0,0
b597b85c6b08f7828f881af3055ab93f10594d179ce3d6db64d493bec66630d1,0,0
4ce67c570f6d9de35ed52e5a9a98c7b1bae151dcd60cddaaaadc775c55f7b96d,0,0
b0fc75fcdbfa1136b3f4d00e7d85339c0625e8909027d04b9383ab8195100222,0,0
ab46c7eb226a85361b28ea30af8baef2be1a566ed49f8990c11c8490e82ce47a,0,0
d36ff476f6c6f51fc321db781cfa0c30c14c3d532c3b26fb616bff7c31c812b1,0,0
26432b43fc7f2d396ee734b660f08a86c9cc3122f6d2e0d2f5c43d0a839c902c,0,0
8dd1e9fd0c773067835f96d832c5f8fb6086cb4b0ceffa0e54eb27d473f5bb01,0,0
b71642c5460fc4be6d28be476aa79ba7de8472dd2289c80527dc061a5d9885cd,0,0
3aad5357550c51579c5708c31081316ba7e890ffbfe38c2b69d42214e9c16cfb,0,0
45125cae1644d191041cf29e857bef473ca084f552e95156c4c0f49a08967c43,0,0
d5880fc8890fdcef305dfcc7fd1cfa284c6125b2af8cbf1ee8cd668a9e2e1a63,0,0
bbe13142c27598ff13e6ecdd62da976a93366be99aea5a4f8c5735ecc82eae2c,0,0
69df1ec10e2452ad3a57fae0e92a31a2bc28d09e3894e69aeb192de3766541d3,0,0
99457bddbcef9f66993a1c2a762ea9f11d5aba413089a8f71b6e7fa0ba999ac8,0,0
0c6d3344cd70ab1088420c8bec9f4a203fa0cf66f7d3a0bc0615394f6f8d2271,0,0
818011e1df3ffceb205aba385118f9abe419d0a5bb5aad93b7214b1f50ce359a,0,0
0054d3e6b6c4bc7112a259b3d06466bb0d8db945ff5d48354535b3493588c94a,0,0
6dd9453c20436f9aeefae6a98d00a13d944ea12df4ac9ea79556a57cec8a5106,0,0
a8ed420d8b9fe72a76db53aa37237485c661235e023edd2cdf6c71218e84166f,1,0
8ced7ac0346825d0a8d5d2c62472ca30e89a3109092c6f3b55136c89b2c2f4cc,1,0
94f040535fae286aca6dc462c549449a3bb62fdbc05acf8d4b05a33c9e86713d,0,0
1077c404cd06b6931b96636341a75e02feb2a4127cde7ec136090aa221747155,0,0
2131fbebd402beb383ef48f8a6ed94af34767d81db852c6285be83ff2c25e336,0,0
f9eb7f69227dab4f5b5f281cb4a887e48a796ab756a4963966e92de4f31635ab,0,0
76d2d47d5ad704061cc1973999b85d613b273c2b5ec9e355e019979c2400563a,0,0
07e8de62338d7e6c6f7f0a17f5e0359f35ebc9d2af1f7d7225331d1a8af2a214,0,0
ea2d24188d5a85c779fd10cde4865abb550290f40130d6bad460d2049db04a43,0,0
2c347a11f72613b86aeab05576240a363b2524f5dee579e13ce46f9291e476ce,0,0
0c6552f2d1187d92d9dd6efd04083860f8e214fcbd7934a13b5382a4c7512f4d,0,0
79eb87dfb410e097054723b70ff15b0ce5c607e9a3784fd966fd413093a70596,0,0
7491299ea52e1e9b618390f7a4546c06de591174ab8ca04e52c8e660160abda0,0,0
a383e8702cef0d04e346952420badaae864fe9ec3247cd2e1d9dc2b89999d22e,0,0
c60c1b56e705120a9a17a78d4f4b06684d33dfaebf28d120e926dd1273a20d00,0,0
50eb4926631e32c93b97e7c0cfd17ca96a55841ea4a21695ffe5b74f69349d63,0,0
b01463febc8dd4465909b4d71f4aaa8da6ee9747f09eb4010f26e9551dacad7b,0,0
29a344d40e1b922e9e0e11265a0362ad3205bccc08ca24a20faf0d6500540abd,0,0
d150dab73ad3d9a09ec62bc3a29efb38334f7bbf5245f0ddbd457f6510e7bf35,0,0
7556c24ca52d9c62560c90deddc69019eb733821170a66d9e14ef421bf1fd40e,0,0
3510187e66c66b3426f18825cfb723cb7e04fc78fc6e46d44abc01b6db79e327,0,0
7bcac61d70dc7bd6958e8a902d0bb06d79777d6a0c26988f8a8fda8cae9c4e0b,0,0
7b498137dd39331ba9354d27e778b594a4f997848172deee2c21c8967a7fbb8a,0,0
3d455344356af316fdae2d4447fbf524c3d67467e0fa51e327cb470b75d7ae0e,0,0
363bf51de0a230e149f13ba9d377b9eb12bf21d59e35115aef3231d910a5f138,1,0
f963b33018b28c0422dc9a3d6334887c6a46edeecbeba21fc67d0fb9bc6748f8,0,0
0bc605a5faa57d246bebb27d019e32781303fb4ad7c33daa2877edc9c998cf63,0,0
55bfa337ae6c0cd15496ca76d5074cfdc2ad1fa3306404da0339303b8fb140c6,0,0
1f07af595f4426b998f543d4f80e45c2807e2b2808fe9b0193ebfed7c3c52227,0,0
6f0d5ae6079a3f175e21888e6c2cb9407714b7420bd9498efeee8e280b4fe515,0,0
f9127bd2c670c5dbc2596362e072bb9c8bf606fd8efb92dde76fc4f873834a7c,0,0
6a3cf2678225e6d7206fbc465b4df53f5b48706ec31be9b751292f3da678dd04,0,0
34dd20fb51410a9a3a975a39985f069dca40ce207184e3f310c5ea095d988886,0,0
a0e62eb79d1dd6fd391fb716af19d8d66124107cf5b12739ccd570be88a33958,0,0
1d690e06240f35c87a3320e653b09c2a9e3d891c6c3d29bc03327ac85b75edd6,0,0
371e2c057e2d3e9ef12d5661df7bd61c9a6e047c628ec2a246428164f36491cd,0,0
346370aa3de2cea499f518fad2785756caecb7285fd5946d888895754ff77f82,0,0
7c38286ba98b5ad155b0a4c09c62e5524a3c96182ff0611bf573dce03971f15e,0,0
e17463486bddf62f72596f37b2b250cedcca0926294e7e36d4bf70f31ae39172,0,0
d14231bdea053195d6db760f52a854cffcece3368546f4ad49595ec8d7067385,0,0
914852a345910e0d46c70092f41881673f16fb7cbb07996d5f4c40fbb67ae44c,0,0
170a01c2dc956535fb202e300e62912962dd2755e8593102e7d8ba28d979e2dd,0,0
f08a1b5f2b43995207fdd472460a9b9113e353ae0adfcdef466595fe40c9c522,0,0
840e607c368972cce69683338a4e58197d1903f4a801f369b6ac8c85862513ca,0,0
cec1bd5509b70f8d7562f61b53ffcc7960d4eb1f7cf4016cf79b01bcc3960f38,0,0
b2b115c5e546af89c6e5ef006994e63c370b62a31dae8f3ecc985b994710776a,0,0
b5726d151b06ffc395aa9054c3272a6a84084e9495308159f5f900d4807a36b6,0,0
6072a34ca4ef0e3d1f6b8569063b51b03b0806f1ccbbe15de47250e7ebfba27f,0,0
227785077cecd838e97a09e5803cf7a42f71a7a1cea833a048e83a99f2a238eb,0,0
9841d29eba3ce790535d846e3cf4632b8cf5c5e6961a1f65df7fcb95cabf8a95,0,0
38b6a830efa8280e8440b9b10f477adff71bc474725edf655ba0ab67ca4cc918,0,0
b0f52bad8ee44ca8995556d38055aab1c971e42822bbe6582d7520fa68d15a76,0,0
a8ad26bad5f76b7d43f0e4c738d1690d69ba60b13bbf6a89f176e3c946a6546a,0,0
a49def064852c193845ef225d0b77e3d998f27ce188382fd047568687b4d16c7,0,0
0264fc454d5526602b86d340cd154ddc57a353fa4e0e2e7750859bd273277580,0,0
b6f1af19d8360f1ff7304589c3a0cbdd4a3eb305491a7b6fdc01c45dc934b475,0,0
0e833a82a3ecd1adfb1fb92f4e1f8345c31f5ec4cd54b80b0a1ba0a420d57782,0,0
412ad0a19fb06580d760f663d2b21166c945180bcb70d14c68be0404bcc5c6a6,0,0
24363e3b9175ad8647312dd47002f2e3209f0164874226280673e04cad3eaeca,1,0
24e41483bdf933336ffa29c13ab2f60e40e90bcd59368badd066aadfa48bb7e0,0,0
b46129bbbe6dc35c18bab63ad0d19af2dea877f109103f07e0e8a68a979bd0aa,0,0
19857c7fbfe8a069e8d840ba669afa76bb4832c5fcf7bee27620e4540430fd97,0,0
299cc8a14e169946a18395c16c58e58362d5f0f9356e075a27148e488b9b7a6e,0,0
c525be1b077e66a3edb127c801d044b0c8a5e1c3854f9a7f8e715e19c7af9179,0,0
26aa25d3c305311e130df0fc0dcead24f30b824cc038316acb8aa0f07d2a6397,0,0
91c83e37e4683db22c837a77efb3ed4911cfebd229e6b9593259a643d95ed8e5,0,0
bf27e2a6a068ee6fc1b68a400f58c2a5c08c8cb84c3ef31dc3730074a2d83c5d,0,0
4643550de3227e7b7c2eec3f7382b49d1b1890ffd0eb79d92b3c2400b8997227,0,0
7e68436efe8fe3ca0d0484d93899a49ee9528ed94d346b672e8be96ca57ed3cd,0,0
cbd7011f1c92393b205a493f00aa32e13542c93bfdae78a4c6e670a3c1cdfdbd,0,0
1c6e64e7afb26327ad509322c277c4afba6dc4c4c35ac991452dd0a92aab291e,0,0
5f7c1174ae2f22b13e7059ae351ec5b02925ad4e0e8a923d4d1c85ff13d027c5,0,0
eb32be2560b5303ed8157be12794d56b3d5b6f3083eb3ba93813d1befcc9d899,0,0
0748ae291af640530ce7ebf8463ef3d9654791caaa678678006e7d5b7aeec61b,0,0
eecedd0b0c7e2fb6a0eef0cdd2933d569c47a62fea10e6e3a0016711191d8c3b,0,0
6ecd0470339176a1af77b9f4e1314d3d3695807871dbf1c59c9e69e5ebe8c312,0,0
03348dd3d8a49411280c934f9672fa6aef116f4c375837dc741667b025881833,0,0
b2b5aea7e5516b7e6acaff784ef479b020331014038aae18564c8589210ca62a,0,0
3e34539dc5b4ee0b097a1a5f4abb6c43063bd9def77f2a16cc59e8a0b88430e0,0,0
4316270af2e9b46b3d3e50a3c65fe8c27f0b4cb5be90fb70bd76f771b524155c,0,0
02a7239472db4b31b9174ead41fe650b0d667f27007d79eb6ec1048080e19b87,0,0
67a78e3e983bea74c135435a89390bfe1e5c82d46c3c4fb604644e15aebd2124,0,0
f79e46c7adde857a423c88f788ae84959d8b58a7d995345dd26a02d59434efc1,0,0
c6afa1696021965a294ab37c0bc50ee5185eaba88b2948fe0064d76de91bd3fd,0,0
ac50a13271d8aec9dd2579227992a70037c26822cf0ae9e57362ebc6af7c1f4e,0,0
ebd160da31f44580b9917204e292abc99fc102aa0f057b75cbf8558810829d02,0,0
846c5dd48a4b2633cf193a4040246c9fc44d08a5a200cf29dbd7213be8b2d0bb,0,0
e8b4672ef3e6ace987405559fa102558b6155650e129be265e0d177f5ba64fbd,1,0
480eaede5495dfcb896a99188c00b1af8fd64b188d02133462aef20cfbd84306,0,0
7e29b6640477dd0a37deb2543b1546e40a8295619f2d322b43548c309b8bd8c6,0,0
003ebb0d9b422707c006933e269478206f8fb784fc1a3b6a34ab994f6f658cec,0,0
bfe5386a683f84550956a6ee87ee6e080bea7ac00cd3ba85a50dc2aa29be8365,0,0
3ed58dba1c815f3798d20f0b62d5b6a59825b03c95436b5d116e89a78c0a3338,0,0
26ebbdd2d2baed79ad4d0edf69cb2720452ad0a1eac107c07d4030b6bb13e0f2,0,0
cfa4a3c6a90db7eecf4ab4436e9a3af0c1549dc8d653efe616bb2ecb274ce1d8,0,0
5b850bd43ae1119b2638978aaae4212544ab021273a0f462d834a20b6e72b09b,0,0
bc881bc06da5b6ea2887780fd2533720139ebc31e1e7ae027acb0ee8cdca3562,0,0
b6c87f18c7287df36a0d9997996b483810c23aebf87d5be8f3dd6e5e30114f10,0,0
4165abfe09551f108b2187c047342e88365c5c5a50486ff5bd1547777a629d22,0,0
914bd12c70945fcd62a680176c77206ab991320a427b3e957bb501727b07182b,0,0
9c7ee8a9faf0c0d5b3c496076653e02709d79bef4ca04b83c5f7eaf7e51a188e,0,0
46d7017ba39ba2e6f47ae1007b0536c399c3172365cf03fc50d55e83a50dfaae,0,0
6edfce42a006c6fe18822d75ae4b7399e58139d752f0ce60cd1bca29e1bb6da9,0,0
ce4fd09e04571c0d75b4c6ba3b86aabb34bc9a20c027185ba59aee9aa6fd6657,0,0
7b67f19f3e6d62cfa1a99debfa095318e3d0ef87843f65ccc887f5e19ec5c8aa,0,0
da46c0c6076f4eaf8dd30da76844f92be500bb7fcc8301c16f552efd7cdd010c,0,0
6627fe1438faefb68aff179b8d1f1b597876f16fd3abc88b1e500be850abdf00,0,0
80a091424efaeb87586298df9136c93e69e24fa7515b72bf72d45b07576dc1d4,0,0
150f117e92dc83cfb659136c611b91eb74b0c058d9fed0b9b9f506c707ef722c,0,0
f597407bf6fb8797e7a77de93196432d4601e899b5896774b283f7da44f7d46e,0,0
92adf67e44c1a8aeb6b9ce49f20b9d9bfb3699168cf85e3b1e6f2d6958fd2d51,0,0
74308ebe829b677f91ea32738e2b0216eaa75a219953fd3917244533304b9a5b,0,0
6e6cb2c9469f1f710651ef846c99b4ec2cd25cf68dfd2de1fdefa9d42a889a37,0,0
6dcee9611ccefa8c0b3f3233c9e7d14cbfafa1aa5b1f68a2b8c4d86a03101514,0,0
70f4e730ab05a7341ca4fbe90fb5c0e1407b8a34950a5945e504f98cecfe370a,0,0
4cae568633c1874f4a3e4ea5cc44180c7bc419d6415f43e9180777e86abe48e1,0,0
bc3103367bc6ac3ef1ea75c28e8eb05b1ccf4ecb9a7000a484db74079649a1bf,0,0
1a46173ed7d81dedc5ad4d402028e288c771ad3b894b0516a8721fdc88bd1326,0,0
b6cd1b682b7d0a49123509bb65d9b821546a9b79cea317e2f5f9a786a1f284d9,0,0
820b5b55a261a551f81ad36601910a14f20fe7ac5461e407888c471c43bdeade,0,0
8c0a171e6d2e89c42ffc8914da968c5ca254ce9e41f8fa6e8b96793346d7392d,0,0
cf2731250c220d19d7222914ccc1b7ecf1059974f883b764434a96ae8e0902ff,0,0
d4c72883397fe9c999c60b5279a2b77300c89673b98d91ad56782e7c4f646928,0,0
6091e06d16e7acb63926b4cf3ef3257038debee233909321e0c38388aff6e938,0,0
873ab91b293aa773e87e2c3499f723c00673825f88b714b6e92e672e27fe8ede,0,0
af8cd36c3991ee48be2967b15f7d6fa5f9339530394f2d688f305715a961a662,0,0
0f95fbf3dccfdf86d3536ae65f02e8e5f9002a5221a36d06eb5b158987370233,0,0
2e0e4a20580bea6c46f6300aef466c0aa1795f7349de339ba9e5949dfe145caf,0,0
37808e86fc23a774c05fec4d3d59852b5037122fa1a2eba18227c7cef3c127bb,0,0
d4d264a7eb10b4228e3e9f999d4a0b8dd432e74da1306ddf606f9b69600d944b,0,0
f2f9f5ecdd206aca89fd48cf8a3fac79c101a70de5b8bdf0382e557cafd8806f,0,0
8e3d85666e347634fb9b6a6e958f6295d8322e299746042e9900db86f1a82a73,0,0
03dc26abe27c1ae5671fa9e2af008916af4d445fc45ef68158343cbed1c86394,0,0
0ab6e75007cb69010439bafc045839568f71f2baec49e6a6e7d32d87d4e0dfd2,0,0
114e88dc5623a9a4c2bfe553d6b8483368c5b3e1df360e5eee4445250c58ca2a,0,0
4ca8b637fcd79a424d63e09951b00b8636970e1cfb64a64483ae1f8cf0db016f,0,0
cb0e62058b29cab4ac3306a311aba1b347f513a632ab869465dde1f9e6f531d1,0,0
12c1680280789359e6201a1f68faedd54e7a783be682de62e039b29be3260026,0,0
deadf4c91f7a838dfa9345fc40c54942eb24b3bf61912f0accd0fb15387fec63,0,0
b6babd88c09f0ea69116929a8ca795a5b2d1ba367469294514eec3e61d35417a,0,0
42120d47676545dc03e196fa099633fdcbbd2b916c80ce13cd394ff3f8b185ad,0,0
3ed0dac90b4fe813ff24edb6660c672512fa89b386c41805a8a3facef142c23d,0,0
fbb5091176c8d308a7614d388bf27261849f471b0a6eb16fb2eb27ae5015c374,0,0
cef0cace1c3c14066cfb3a68a9de17f4ff15949eb58a0ec7f700125909c01443,0,0
76046ecbbf61606ce9aaf4b802edac9959ac8345a4080465b8cc11e522316966,0,0
334600430c8cb778a8af2d24d132e16a7d30d71db596ba12b696a714f78a5351,0,0
da00931daedaa52adeff341a202901d64eff03c9b95d7e6e3282a2921115600d,0,0
d415e4774bdd158561fe0f02e9aeb34a468993447369c8de17536a91c665e930,0,0
065e742b6f46e0b7fab78bc8d3e207f83df24a0ceb0c95b489144e48374ba01c,0,0
7d3a3cba0eb58c68a63226d444dec1d17aecc538cdd937b69f152262557604a8,0,0
b9eb7e2aefb3b2848d5fc8f93a4df1658ebf467e970b25ed8a67a46542155499,0,0
50091d74a67fef7a9f25906b5c083e1270d7e96e9f073f55296249a0dbb9da3f,0,0
207a3a5240c8bb7fc2fc4d9b02275ee86d4fbe5831351dcaa01dbb2a14e6adb6,0,0
2a3c45c06d948b98db7d44fad2099f4eea13d1ac5e0e0c2d6909049c1ceefb09,0,0
0e77ac1acae794d05b947509103c5b131fc2805874fbf19fc2d39999125ed381,0,0
9c2780ca269120f02dac98bd9168d5376c2d6015f2e68e7f44d9f0990b0bfb48,0,0
b0fec03ea3c9a72f5fbf0c1750035c6dd382a11fe629325fe000444156a6b920,0,0
618b8298324dd613464c3ced4cfe3c83b6f6c7d152950d71b34b9e89d15583f1,0,0
d13d4aecf664e4aa0623ca336cb544f1d16c6fd69b77217fabf13f82e11ce4b5,0,0
4722059fa7b93473762255a3e7c166da7f12d9c82b7c9826d56f95381a3d5d93,0,0
a0ec730213ec12b4f6def453af806b7a20ca6d672dcc51feb8e200e96cd7ddfd,1,0
06b0610c0434200e6cfbdccd65e69236e155b72646a15425cb2650a849d5dfda,0,0
7be896861fd5f501aed28dd821ca26c3d42a92964d3d847b91858ae944ceac46,1,0
8f439183a34c6111b7eec0f1c0f9a824378373cb2c2c0660f8a4e8b352da335f,0,0
79b94bf4589581f9d001cf7d0dd41fb12d4c88d60c703eea5f3835cfa1f547dd,0,0
ebd0fa2005871ca9430270d40e04816a03403ba8f4b00f5c981d726ffed74562,0,0
d68275316e67e7c521b826d6227d0f58191cd055833cffb0a7756b9102c985ec,0,0
d65427df9c8480cc5ec2332b2c10e8902888731c89bcfeb174dd3d43904c17d5,0,0
e4401e709d5e00ab6d8b03c93fe4a1857a432748c645e96e96595baf673c1187,0,0
a30076405fcc10b9642f40616524272fd7110bd5bdb16cd6c1d4c81172793dfa,0,0
57a9b64a0a1cd5220c8d0612dbc9387623d8daec8aef87df06b6520c9c5ff5e7,0,0
e0d2692d685ef0ae1fe2f7ce1c84fc7b66eaba444d831921edfa5c6ca94d12e6,0,0
61f541ac474c4fe56c8679bf360bb7c5c0394867ff31371e1b930de72252f617,0,0
22d67f169d5b5eca6ae3445452d410f61d1b003261bfa5acc7930e8bc0964e7e,0,0
f9de6b00a35dcbd97c371cbb808a206d440a592c00f3f81c67d03c6d13eb6e9b,0,0
1085e22fe3f04c977d4a0f3e567fc13a67c11ac9ba5ecbc510cbf7faf17efaad,0,0
04e1b60c260f8e9bb431e010e1e8ffea686803a3cf966d4b776b2b8f5c573a71,0,0
03d635178d19d824fe77d8fda620a604327bfcd37f3f473cd9de92bcbe517461,0,0
2036a06956e7e0dec6eb217fcde3c01e69d361624c1fd02184dfcb214d82ab6a,0,0
d1db82faad20302c3dfa4afafaee0c99be83ffdefa1605bbdf2f44c6581bff7e,0,0
2e0260d7793126577bc0a5c773bb5e580cdec6a4ea1bc1d7a6abc23f25aceba0,0,0
639ad5877c9d588608978ca8a2933c549ba38ee8e3521c8e484f2dbedfbd3337,0,0
1a1b9506b4566285297101799ddead28eee53d3003ad5d258817bb47da54aedb,0,0
43c53790a1c721f7baf55d34efd6adcddc2b8cad29a35d58c6bf5e8484c0e0d0,0,0
fecd6fbe154a57592334c9d00bab8296b170e4e12e174165f2cd2f2f4a5045bc,0,0
245d141931eb2a86cbfd0e4a82068932089551aa33c73b65849e7cff8d19b8b4,0,0
e8663a4ab8854d0a443ed367f4442839a3eb181c212aa22628f9db45d3b1e82c,0,0
59bb6f29a2014ae15202cd03253668145af8ab0b6086dc56b15ee495eb789811,0,0
efbca05ad4a4fc58bc0356c3b3ecad2efd7c715adb801c90083eda0e600212ad,0,0
763d0c40f9755fa9c851cd73da0bad190979738c233380885a75a651bbade4cd,0,0
a29637e86b01aee5a723ebd286a727b2918e5dc41638f4f6f364ff3e87c20717,0,0
52eabf078587ca66a4a9b4b20067d402c5872152bf4611b7ef35743393800431,0,0
25df5375b4327482b6461a037d845d9c156c35784463fe11071d14ee696fd012,0,0
4094b0ccdc47930265d43c3b383ee88e0b4ea113e060a2d7894316acc319bf66,0,0
a493107b4fc59362d3a9c57efedd6c8b4ee7e3444a5347ec7ed1d196927b85c9,0,0
f27e1174d0f15fe39abae5e35f8a03db98c58bb2f065a7539845d74307379e1e,0,0
7770ad7455c9043746ef679314ac607312f1df83fa5573a3f081fab1e05b4030,0,0
5e340f34217537e26bde9d912f74b06119ff83492825a408499ca881120e1f51,0,0
dbbbd8b405db0d19f1eb01c3b9ed0b939b48a18581bf5ebcb65cc6bf01f2dd53,0,0
d5d3671dd9acc37a4e6acc62c2f4fc498bfb1c6f2e57ebe7611a95c5060d596a,0,0
52ae74d2f3190c9518d6b9a40639343c962e036c5d9515576be04798fffc8936,0,0
152b7daae3e88ab221807de15de728a913bf4bf2be50ae309b4b4681ca0101b2,0,0
d794c0444a1a63146d996c394d2593853b5159d4bfa504f7809b654b98683f8f,0,0
09b9e7a3a647a6f10c0c8cd575a51b810b613f461ed7676ee67de95fc0403529,0,0
eee86443e0cb12125e7181b82b057651db09ecd9c83b2cec0ed2c0208a2fe115,0,0
1b4ed61b8caa483321368cd28198a1362b61a736b11624a68893fcb968cc460e,0,0
116f3c4fb6ae42f3e574da9e9999b16ccdb581d881fed6352224c34eca2a923a,0,0
f435b19671cc17cd857cbdc69c2a97970736a9b1daa75853207a9b2818af3dfa,0,0
4322c284a9b01adffc8e1a5a0faaab57df4b515a0df200dd00db8832c7075bde,0,0
44edc8279276a78875cf659056010ad1ecca085a6e0bd6f20d120282beffea3e,0,0
215bb46c218c3507ab744eeb1e37cb8b7a6f9408b2b20fc28eb0525a006f8b9e,0,0
e5da6db08bada3946d51018a1cc6adea68454803c9579e5b01ec90a5f46db1c5,0,0
43faff031173f34ee91a0e4dc802868acbceda79e13bd865fed5c431b12ff138,0,0
e631a23082d86f0b36a26196f3a1bd993ff1876e68ef9a2b62d3006c12ee3657,0,0
74ddd2f72e89286e910cfe1379dc9cd6ca245fac81586476b2979730404f2d87,0,0
2369fc8099f1ab7e6f10bd8e8464b65d1e7456d94d25f6e809a23a665a3794f0,0,0
9e831af586c4ccb29d7d39e07035653739c9e6d5d9f597ad9b6ffb27a699fea1,0,0
25c23fe076b6f515e9b902a34253a1dbf7ac04aab7f0f65c0987f47d195e4cb1,0,0
3be6f3e7b5961bc5f26b6df48ab19c924959eb1968296dabf05f06935005c524,0,0
001a788f2669ffdf7747a15cfa5ac4dd3695b381149ab9d3451952ea0f9ede3e,0,0
32e1123ec485ebeb4d0d284fc3ee8020bd256c70b02b73f09f3e4a7d1ce99475,0,0
29a841718a928e4e785c1bc34c97d6172e09de701900aebcc6adcfc37a57307f,0,0
a06fa368e8344be94d1cb3bab5684d14797933de72e26928a54cd08495c04c5f,0,0
ab80688d62f8aeb1c55ce9d08d8260145b583d320e81fe5b1584aff0f792c5ec,1,0
43ab1e5902c2b09ca3046baa79cb4921f822cd6988b22a264d27054c6cd0ccfa,0,0
a34e735772fab3a22f573d9205e8c6b0e1b2c55cf8b19c15e1fdc3daef686b42,0,0
e427670e6ffface514d08d3f26d275e11eb888a1e09e64a8ed915c98e4d1f6f6,0,0
7cd49162ff2c8abd1569bc47ce360b1e9c9da47d73f5bb954fe5a79857118c91,0,0
afaf5baf3a7aad254d567bafccbe8f94e22732be763f5d2371bfc66186b4c278,0,0
1b5fed43aaff23cb85022bd91f07248f06d03fb4f54f97afa5929ff599c047bf,0,0
8266342b54952ec30933dba1d11bed04a064f35bbcf4a86aa7d542d423f693b2,0,0
a06ac468c8385cb56339d31255d40da530d646ca8c533b395f5a41a7423f93a6,0,0
dde0b859222588d23a0a9cc3870d074b28b5b5bb2313e0d007abe62230259608,0,0
eec2d15a0fcb16913fe847f63c0352322f30d9f057a9c9a2bdb5f156b8ad32a6,0,0
305c76432e254dbff54edfb30a1b80203a01ccf6fc1412512f2c300a39460bd3,0,0
5da48b0a94fcd83d6caf60461ace78bc9322dad415e0ca1f456b3351f1e7ce47,0,0
4694bcd6d3550da1ce5b5f7bf7c28d158c47a078adc84477492dca0ab8a240d8,0,0
c1542821117af7605ffe2880fd5f68c6ed6ebfe16671cbcc3b44d938f7d94194,0,0
2a5c1d1ebd0f7286a5fd2fbf6fbf93845eb354e9c7a58c9f7951c81dfdf0a1b8,0,0
94c0d47a0f503cbc515c648b5312ab718e91af9b752aa4d7a9ffada1f6f18a92,0,0
ed538d32d0cc3e539ce4b6875582b46d8516d1477a280eb9f69a2cdfb1732a72,0,0
b613d2fcaf5a996ce461789c4c89b8fb39db2227dc2428a1c7cf30c01e4f0e68,0,0
a0f5b2fb068814cfa43736aeac6ddd953420d5307bc95f60143f74b922a6564b,0,0
eacda58943cfadd53e1f26eb2f9a8c72a6def5457e9540b1e693391da064a0f4,0,0
b710a36b8b1263a17b6e902e5fc65260f06ed412cb54691f625305162a9e7db8,0,0
5fefa5791e8b212455c3bf2c275214fa48cba213c7b881a6f9b943529473c9e0,0,0
8344599941469033fe3072c1aabaafc909ed7426500330478ed60e26cf095151,0,0
a2543bcff3a758a39d11746685f39b1c1babe7b71d83657e8388096d73bfdbff,0,0
bb71153f9f2b2b5c9aff175ccd23631c8d0f953434c066577c95fe21b2f15fbf,0,0
e7bbabd7f18a36a1b5ec285fb8586808a88696ac004a9d289f9d1f1904be0a67,0,0
294084bda5055c9e6da09df5cf3cef670fd4bcaf4bb6702ca90ffbf76a79ec15,0,0
be518244646d1d6673a52b0fc2612262995ddf1dbc042672f76eec3afa7e7902,0,0
7b8d4a2299c17b543e69fe44457495ce1edac19c81e249aa871b6ce2a9ebc00a,0,0
24a25e0f7b1e83983f2574341ddbeb541c14b0d4ac74031df5b33c40a6b5f22b,0,0
b5fb62e56e47b4fae0ec82100badcf55ddfbeab2ec73eb8a41195f1c789fcba1,0,0
ee16370f394eaa3937fadb60858f202a309d04c2eebde1a7b1374c18151a66d4,0,0
51bb88ce5aa0976e8b9fe95b4ea0ca89f859f0d9f171b78712684340109c4e9f,0,0
3aa948c905b3bb7ad93eb4600c4e22fc4ad51181979609c263a51a66d06a37b7,0,0
750a9181ae494be82b5825fa43a9a80ae9b62e1cc645051558ea3a36d168cbb1,0,0
8917a68905aeb7345524f553823ab6413f8c7aa940d2a389ae2fb7aa3d27136b,0,0
1d0fad58c5574dccae0ec3f3c88fa3fe54679cd0d0a4155907c2d4a5a4cd2942,0,0
6d0aab8ffdae551c36ac39efb251614838715da20e47f161084a7599ef5d163b,0,0
7199dba0c1f6d511dce7cb8dd450a5dea5ec4747764c62ac57c983e9821ffd13,0,0
558476be440baa7c7dc49c9630dc22b8e396332386d639d44e6380a604fd1755,0,0
53e47e2e7105e0544032265befc050dde74f79e2ba7b1b2beb3341935f8cf278,0,0
cc2844c8ccdfe678077a3f56605e833e2fc56a49754d16216dabea1950a5e962,0,0
79e99f6568832f408cc91a6a7992a71f38958a86aa0f448ee3fe20e4384207cc,0,0
b945bf607b8633f5fc319df0c6aea6e810a723eb90ee70d94e2634e495441b1f,0,0
cdf3eff0cf89019d00480bba6d2b427182dc220a44e4b9ddd23e861d9bd0dc13,0,0
f6927c857cc4fe2fdd5ce7b232194f14095ad5a2969f36888dcac799bbe4a239,0,0
c051133cf5f5ea1df78aa8dd76db3831a50b3af6b5de1c301c87596b4b84b412,0,0
6ecfc97ff01dc544300f5c787e656a02e6a3099e1408fd0c3dc2bb77f0aa240e,0,0
00b0eecbe871a7718368b5b1770e28f0f3ca1883be5ac53d524ca0b3927ae8b1,0,0
01bc15c0fd1751b9481e9b326011a99f5df9616b02c1ccb91cc2f472691de42d,0,0
cdd5a129fc0c9922fb595a7354bf36e22d253bd404efc9cfa8c1312c55218690,0,0
b13170c1d074a8a48f370d7ee3c02100a414ab245a43555778bede5f0d66695c,0,0
e33d8d721a7ef0f513889940aee3daa70f5e706af8c3ebba605860590d3ece97,0,0
1d60ad56477167f7fefc92245336238260e4e994da74e6d47f45b4eb9f125a89,0,0
5b9ea19b7fbda631c2d9ba80447e1d0a5c6697f1409dc1642fe0894bb7e7415a,0,0
0345c6c3c5db689a57b76b07fdbb91c72ac23ee64957878b0c42c664574c2219,0,0
40a4c88d668ffb1882182676cd98af7406a78b6e0b93b62c88118ac40b4d1ea0,0,0
4936681679984efa87557ef5e1dd8cc20fe3fcbf899e8b6e5de579b841604a02,0,0
8c662f411b8ae54148d260b8b14cfc4f6d4719e40a545c73092c06652281a91d,0,0
9c17a25b14a5e86d07bd9cff515101cf2bca4461bb222c57e4680565609c86e2,0,0
e2ca5dff6abaf5f56dcb355687bf4784c6143998b10e8c99cdbec2e901a67a80,0,0
a0d3264c9a78609b0d868db7bc8f841f773182e6661de2b7ea1e303fa075e15e,0,0
2d28a2820a497cfda382b18c921774f6f1b54316a5f153f98e93b7d262229312,0,0
acf789cb90508cdc59d66ce22bd58eefa72e7a6775489c93f95460d72ac97989,0,0
c9e961c1ae83c17be0f140153f72204fc85eb91a1cf6c898a11de39fe14938b3,0,0
c0ebc82227a74bd02b018c953cb092b4dc786ef70a6b86fa40a5fb52328bfd51,0,0
c603653d8e63fc95cd176e1955f4df7b10178ad43e128dfa85bca61f8e99ab63,0,0
7f50d9281cb0bf5204a8b5b16a10d840c3502a208365e464df5b379ea772cfd5,0,0
bbd292f9b934b5fb880acecd5bf9052223360838ecb930300fe554e452281c54,0,0
f1db4afa8835f512fdcf5482a726336962514c7278d995bb2e437357498e378f,0,0
46a187080fa298766fba9c501fa5738cb637f3cb7a896d0ebe0187af617764ed,0,0
d42d4262e741daf15283ba3b27423874db49ff94b9b43beb5bf79966a23c0d75,0,0
4a87a181ba4980b8bd062fa016da75e5c7cda519b883ba805f5f3b67ae0ee278,0,0
6729cf0e9fc7064c36c5d5843d4e724d13f86fe391fcd9c91868e3801e173f62,0,0
6f58cbf44eaab7122425eea380c15c7a7f59c1cb8667f11babcde1dc5e75a71f,0,0
7b489bf6a1db74dddfa3dff848359bb04a7a3c6b81787bd78c79d833a1bac876,0,0
34e01b0d989a74f7fd3a9d0122353f2aacf92c9ab244c12732346da7d57cbff1,0,0
7790088515ecb7af2f59e46df7e493fae263e07b54d08cb16f0b7ce1eb628a65,0,0
8b4a41ea19fdf4120f5a399db5818a4437d5af49bd7a965f1717079f21fd3213,0,0
750c9a6e87eff5e627b59f21c5ea0a53ed7f67bb81d48c4f8a92e2ead3d15dcb,0,0
75e67aace0652990ab3546364672008dd400d0e99f13d4832d728bfe2b6119a7,0,0
beff3f38a48b5debb575d846f22f31f16aaad643a53963aa25400413d1a08f07,0,0
156c88a37c95bd6c420efd12791cf65be0fa99e753d0f70b6aba9230cca685bd,0,0
6ab324dd853b42723adc4b14ccd52b9ada20219b9d9efd57f4f518415cf49625,0,0
da400aa9db7d43e02867909e34d9afb7c4268a4b9fba2a79e72c6966670dab81,0,0
3db041b6835d57690d3b3f92ea4fc78e4a0358594493418ae7bf31aa069f8d2b,0,0
e81f981190a1ca98a435c16e02b73ebc2109f34ae318b876e4c5b39750f2fde3,0,0
9c2645cf8b80180b4fd5aff2e069778db3dd6cbf1f879ad7d2ffe04b732b6ec2,0,0
cc635ebf9f6280a7615204115b8bbe5daff0376084c01840a4d2c682d2a1b50b,0,0
40a39b9449148667100436d49335671d9d587968db8b6fce6a6424c72810a642,0,0
8bfcb619e7cb234aa7bc6767600ff394b81bc00066f2e59f80bf3a7298a9d15b,0,0
90349bc664b0a027880870a129c6b7f34359785d422528cf3ee8e8030b3e42dc,0,0
dfab79a9bbcc2bde22f2eb6f9c9b65a524b6f35e35b0c131a3a89380da97269f,0,0
0f39c98e5884240dbac07adc4c1064696882615c5566399fcb4a84e9ceb5bc40,0,0
9a245dfee8a9c55ee92c30c9b7a1739d5eed18d5d6385888623e6fbbb3df19aa,0,0
2da69cbf2fdfb617898a204fe56590e2cc61e3a0e65c5d76dd00d40d1c7a4062,0,0
23fa98feb56894feed676dbbef111bd47f0ef28012f82e87a92ec57ec1115a5f,0,0
e20a223e609946d800953b2fbff2ff29e5e1bee3184d9bf4ca631a4331c97dda,0,0
d24a4fc482062f1dd827017120089a5ada0015f3d8375cca9a127043c94b39a9,0,0
4deb9b28c68132b2b48bdcc5108106bcf5faa635fb0bafe8d7704d03563e610c,0,0
e3ffb1b23f46db20c2cbb45666a12110d68f0f0f2d931820034b05be7c71bd9f,0,0
1a49d71439620164e95dbdb7003321014c7e078edbc9368ce032ed9533c1199e,0,0
d0b9b8d555c0d9fe81c17d76b3dce5843cf2938208541e413479d360b3878fba,0,0
8524139cf0dc8683bd8806e281759010d6712656043d1c6bc890d5c76d7f8fba,0,0
30b4cd77828f6ad2006b593491886c9c31141bdcba5c1b140ee619e15f0cb100,0,0
2a877bc016d356a3e86f0a24f5018395ab7f4faf8d20580679fd1bbac48e8514,0,0
9ee5ade7bf223cb46c79ea6f4dc410e943d379caaf5aa7855f30f1fad2c635e4,0,0
aa9b945434d9693e98fc878881effc8da4d7dbd7233d326b3116ddd5d665c98d,0,0
496282523bb77e932a6524af8937ffc3ab3f4072e094b5afb6ed3aa6d8984cbd,0,0
5e1f39e0b1fd54522cf7a94c26ff54d8b21afdfcc7d93af7c643a5cd21ab8443,0,0
5bba2ea137f78b2cf4c16874d6f1322cbb411d4dcf3b313e6ca9b894b609c7fb,0,0
ff4c0fb4369135e7e3ab4e8fe723cc0dca1a823582b189c4550c299de8090e42,0,0
ffbad4e97abbdd3a6f3a95f3ffb9bdb5ac995b9e0dbb0ba503bc1b7fa6f31254,0,0
f8782c20b0e15084ed4265303b93b93125f694b6045b76d143837e3bf10a78d2,0,0
e9b2633c417c71f45e91ba4baf841ac5176d1b4a2e3571f8789f20197342d458,0,0
f607d500ac5c0c1bf69c4b52ecae5a66008b8631a65a5e0606e31c4b6a36e05b,0,0
76640421fbe2b56f64085e66bb3fcf933b576c135f901964fa465f75c5b2d564,0,0
452a16b67abaff818a00b678ea6f4625dec17e3dab7acd535a966530233f5149,0,0
4727cded40d66b1f3bdac3d71103360e284e75f03a21799c453832489aec07c7,0,0
5ded149de74857631f3288172b36c4ec03917e30d909e5234d7c1a7bf079f1cd,0,0
36c423d7cb1bc2969b7aa8d8d685ed4035f3dc9d2f757eec8618cb5ec923e325,0,0
97f0860ca3a35173dd79596dc003307094fb6165052240c1007cc0e46e08294d,0,0
bb3b991085fd47b97a1e417df7a8457a21b218b16219641975e384105b7f4298,0,0
5458ca979a2a73a7b00dd3c2149f8db40533a1735e2dc66831eb8d57f0aa1fcc,0,0
8c874a570b5904808fd2228397655f872d4e08992c83db2f67ecfc7dbc6b5998,0,0
14c950d3a2fa9fd77bfde32d4179f4d97375477403a1aacec6ed6cb244c58b5f,0,0
b47474921fc151d19fb8f34b4b7900b2893d74d8871601e36c75c9ae0cda50cb,0,0
8484d96f6597df4f989ea4e45c51c589fe70aa0df3bf1a04ecdf37884eac52fe,0,0
a260cd026f37531ad6f1723a796b4be148f71ec39cbab406e879e284c8675c65,0,0
ea2695ce30c4714633bc3fc5359ebf4009005db8d0d8b5a2a7c43ad150979cf3,0,0
6a8a0de645119d5a486545e0e185a747d370313579a9b873994455460af66599,0,0
c96eb08bf2c440c9104acbe5dce091d146da5d553c2a440c7d6912d8b9ab0484,0,0
743cf0272f48322846467a4ceac86d62069e2aeab4e5b555914a28f2ea3aec57,0,0
5b7c8375802a16423e68462740e37a4bb3f9011079875688186625bb16c305ab,0,0
6f62987381e0e16b8d7251b7f518cfee827e69991071a30a60ba98b79b377210,0,0
fff42a26f8205ae47015bffbb401c871a348d8fc9a49995dadbdd5fb0503db15,0,0
11a5af2d6e6039d185ec12fdefdd7803c6e5768b4a2920ef2b61d1f0c922eb33,0,0
a8a4d06c0951a243ad6f8fe3f40157ae11acfb75795a80d311d2aeda582ac077,0,0
6921e66765d3e7d4ccfb28faf11099b9604fc7494b5a36cceed89c3381b2911c,0,0
311e2c7e2156bef60aa3a7f0ec7050bfdb8ada9974cb95919b3256c99001e2d9,0,0
aa68d9e5d1772f6eb1c03c636fb0eb24646ea4c5421a0c365f8f902c1902683f,0,0
39cc481666bc841b4785b6ca84719a61963f5f7fb759b274607bc8531e1e59df,0,0
0b0b1de7de81d0ada10fb636fc2a982b9c5e5fb0c918756fcb1b604c3f8db033,0,0
c73881fd0b9a2e3cb63133a103e726e81b2987bb8df42cb6665e9759d12752e6,1,0
06bce469a4c46ce370fe5d993fa4986da6b0ac21e92ff2f0048d118bf6c64de4,0,0
b488ffad8a3d0b0fecec9e03ec198bf422ea37e08a4445840d52c19b3fb7ed22,0,0
4d273ce048cf94073ee863491969c2d7bb3fb037422be76f1ed15b0035bd0186,0,0
e47b7a51cba0966c570bad38943e16f181b2e85191974332ec11b8f94b6453bc,0,0
8a58354065dffb29a2da963599f37d318871070f09c8daa87f11a6a9c7edab6d,0,0
cd0c810109f8b9b36a52c9bb80bc7cdb24852bf9cecc5657c3854c844916b25e,0,0
44a5e161328fc6091a08ecc33b033d713c77b83bfd103a5bffe94052847a3312,0,0
54037f23a9d8fd211e7833587d7e245653e6d4772515e8080cdfa93f0ea074eb,0,0
fab3fd6558e214cbdb9605027d71df22f103858d548271bfc5f6ac9942b94d4d,0,0
db4258b23991f0d43553da5fb9559b7b9c6b4bfedf944919b96d5d0d74847450,0,0
25c0e099e95158d594d59eb65b1d023ee7b97dc883ecf15d09218ec6bfdee3d6,0,0
f7ffae2c6eeee219e6786e598758f6638727d6b2f7e15f4f0417199422ea470b,0,0
92b2c97b46b37e97ff6c60572a1c1ba81dfb44c4efb76d3c46f67d6222cae8af,0,0
7c37467cc1603afb3b129fad87e7b936bd54f51810a92eff70bec71db6000460,0,0
022ea658f9a4b8c20fdbda149ea49214d0aa14cbc0569baccf6c5979f2a7443e,0,0
3b52050a263a0b95f3f26b01ede836cb7427c2d695512bb51590dfef5103a228,0,0
96b429a29762fd478fd932e5c0e342f0f31a8273b7f56f815c0462ec98a029fb,0,0
7851a5eaae83e44faa0c6a98ad80ae7dad147de4e9cadb0af6882cdbe5593646,0,0
785623778f73fd872a54c96fcbe88a2f7922988e26458f231f7cf4366270fff4,0,0
58740ff920ec2ca56da0f99eae31d2e5c82ac0c4fe15fa78d3ac9dc437589017,0,0
a6e3b858364de64f8d0f1a4116d5bdfe1fd9cb14be0545bc7b1faa9770d12513,0,0
d1461da023be65277acef3fc100d3aab10b170f5508a5ae1d814cc39f3597d76,0,0
873b3cc3f885c314a0e0c572828126d71bf50babadac6848af3a26950afe6984,0,0
5a587af55d9b291812cb6196687e741df8e0a3b6cf2fdf9437fca10beaa40dbc,0,0
376ff7148059d0f9493e1380f104de1dab9ea2ba417e58dd5cbdcc3a84265c43,0,0
51a639669abafcf7052faffe24e7e1a94e51c7bf1de8618880a4aba684a34275,0,0
6365eae66bc90ab37551fad7142535ca19c3b25c3f59e1fc6890e1da5e2e4730,0,0
0b647edddb5afd76e8da723e3987a56f0797842d3bae6ddc37b0b1b44c3cee41,0,0
de121b7c06f8cff11bbcfb8310b97327bd37342b1a29dde32aa5763268e1a3d1,0,0
c0cf0cac02b9f8fc79299100f9e911275cfd3ee6963ba6e2e43edd57e0a0e849,0,0
a0cd1757df33b5cba347084e7a9edbe09ca6da74c7bf34642ffed1acf09de425,0,0
98208fdd1872fa6b543be414d06b20abc522cfb60f074171b33ffa03f3e3d2f0,0,0
8cf226ba68fbbca166a1d729f816e460713d01f9ee5e948d94e5a5839ec50b10,0,0
790c2f0537cffaf43d9c1ff440ab9a6a32faadc21aeafd5341482baef3a81fe6,0,0
e3a1026403014fe0424874437d616ff5c3c4feb845b2023c0b4a96972b29d069,0,0
e365551a757c8b7740a444f30f61717035a6f77509c1033d905a1398863df34c,0,0
71b6ef6e0abc73b494a8a4d2bbde02d8215d16af9af7dc0c582c8a1a41e46e91,0,0
7330e956bde026a4a5c0e127cfcdfbfc22410ae6986edf8f12a266db76ed9a44,0,0
77ec400a6da55a00bdf3e77395ea4b92a51095179e9c19856d717ccfdc24d7a6,0,0
1f9a0aece6e25dd944ceda26bdacbcabbf122da39088f5ca0817e778048cc40f,0,0
3249104757a34a8909d8114d4ff6d217531b0e65b53666254c2b1393874b45a6,0,0
6188ea82c2c3bde30847b0dab413b47d56a673ff423a318dacbc24919b21f7ed,0,0
dd7e945aae102cf8735a960d5162427c719b6c712106c400a144a9b8c24a53fe,0,0
3e62f2c48c5cadac9b5feb76d142ccae2f807a5fe079905940fa2726417171cc,0,0
f66711ce75955ff7f23f8bb6f45fb6cfa27e980c0e4e2ede7a8f30c8f79cf83c,0,0
0a80f04b85ed9fb9549953728c112151abae469253a87d39e588fca4f43d2fc2,0,0
21aea73deda7169c750722c30b964548cf1c4b30f1c50e372ab544bc48850506,0,0
f6d5c34e3c6d620a42cec511ac9c33b0a48d97ce690dd80674b48c4b197ee174,0,0
a59f658ee37ee5162848decc882f415c84a60467f2e81296a9190150c0e8e975,0,0
a1c8a5ab2fb897008b825555e4d54535d7a354b1073cc5d97372ea321a6184b5,0,0
43de90bea7a23efaf3c0f5115c9b377a7d153468d1225f7563d2968d3c0c3908,0,0
3b0a3afdf07b289d04f918b5309097a76810d6993e125307e8ea402c72263c22,0,0
04f37a91441c4188d765aca56def01b027781050e6bc0159c838b48442b02385,0,0
15d6127618ed9974da2f65d957303eca763ea8f006c5d2ece0447052eb72e57e,0,0
b91d5a8e1b7eaf4d38fdc63734651486190cd114a9f35f0a762a81b48655250c,0,0
80e1e2143a96c0dedb864751c18db666b3825f550a3754709b103407f4379f92,0,0
926e85e8f0c34d05f60d49fecce8e31a128125cfe81c250f485aa64657785c65,0,0
57fb4b5572d2e1173aeb9c923921e0569ab9ff5b075a4e892b0a98f46ff8d972,0,0
125b58802db0cc1dc29a3a146eac10d3e874d6d269b706ecc9a038860d24647d,0,0
b544d9dd5a66fea276ae6fcf5c2aedc8a524e63eb4b30e05c0a6cbf41cd88591,0,0
ca2d429957043e263ffdacd076963185672ba1d12353fa63a47918e1def5e498,0,0
c77de6f1b08187d2a9d426e7928d417a8d96adb388f4f94772728be789c2e75b,0,0
934ac271a60a76d6a61a893f970f3f8c5545a004614719ee1c558f19d4cdb20f,0,0
0c60ded4b3bf7ab446e0947eb2e63fdb1e9cfeea4fd469792bf0ed1d95629ae9,0,0
18a8885c450522dbff8a4b4e21e81b54efb918fe231f1c4ea0d8043fc56cac1a,0,0
defbb90e73225c6eba0689b76a8c838d10ea6230e0673dd0f1baaf606c3b08dc,0,0
f0517fb3cfa43d4334f073ff9b2a073ba502a62578b773ad34349ed082ba3b9b,0,0
4a978471e40d4f5098066be442161fa7deada982b0d9f8f7f1040e46b89186ff,0,0
4dd9078b9cd3374c20f68da423b3bdfc5920437f1b3230730dd9b4a949c33e04,0,0
61791904fc53031b105e5996f960c530efea2623a01b7a337994b3b32367dded,0,0
fd450ec975aa4bc54f8f4c03d97af385d06c9a35eb91d605e63decda9319fd88,0,0
04c90ce3c3c73ac54d8b652a4c0e77a9f259f6092f3b90b1e5d766c975675b92,1,0
b8d1f4331774fe1537727813d6646ae93d237d73deceb9c5e2c28c986b781dec,0,0
7c1fc9f8312fb0bb257d1f7e3814d852d9aab53e301db139eb705a178a7a7510,0,0
bf73dadf17a2e954fc67cdef13f5d17f5e61731484e6e26ae719d180227b1c53,0,0
ce7f43fa6d0eceef4ae682ca464f5605c0faa95e1178462105fa050a2c2dc633,0,0
1f8930f9a7073f0a3253d826fee17768f07684f91c95317065d08de8fccd71a2,0,0
72f4a5e38043ed73f846774e7dce8e5667f6dbc23cf3daedae266df1aae64f27,0,0
0045dea63ad9614af34dcbb935dbf3dc44cb6c5a7979c9b69877d0e84a20d05c,0,0
09dc5316a53c4c7e9a6c0e70feac6c729c23c422fccee53b3e2e721811ff863b,0,0
4ee94dd44aaad9b35d003bfafc16df48e0e978b6d4e3ea60a34f2837d0ad2928,0,0
abf0a1b8068dc2353cab6e8777c54adfd225c00f8641a1b35ae16c46a092c466,0,0
d6c28ea3551807186404832b46a2e115d69a5da5040ec9100cf3a3a398bd16f0,0,0
abb737e71cf8dbd2a4bc5ac71be4aca9be156027429d1ec7ee5e22c8e540092e,0,0
efb5042ffe087ba4c8cd0c2c05dda7969c854d7280326610c32342dcf0e4182b,0,0
7d71b20082439fa532a2a98752acb5b6d3fc614adeac82f1c3f422b03e2ec6c1,0,0
dd0a360824fb0bb5d2434978c20ad1ac287fd4f93fff2fb08a46850ac748e40a,0,0
c8154809c3f52e19a57f029c8e0c48ca3b05736aa331741b16b115336141a753,0,0
60316c6ced64aa1cf223b8d8d815b26a6e0f2c1fdda70649ee8099a07aa2e6af,0,0
9afe09872dda6e4fbaabab0d134e817a34da295a1c9d934b69eea374ce724201,0,0
029b78ca4c4bc34cb453d51a1d1c9b0cd0a27748f02249031ea3ea1d659c2152,0,0
32c822a53c25653dbb2708fffffb3453551fa9549bfab83231236982a8f9f0f0,0,0
b839202ce6d40661ada86307e9e551ab148cf8b273dafaba55bb517608b4e5b5,0,0
52ef28ce4cc0d507f8c032fe9b9ded33504e4575b116e3a03da44d772ca564e3,0,0
df30e2df7e4f30b82dbf9c85bbbdbed0b076ef69c5e617c9e7c489400a5298b0,0,0
a7b31715782de1c4040ab65b92241838a9ded6e02d4f1da8f03c83c256d9a4af,0,0
0a8ccac2bfe51834611d6664af60fc510a6291c8a0a39b2b7a953e347856a007,0,0
64f3e2543b8b8af2a3a9fa63773a5928122e61278bf2f1449923064762dc1510,0,0
24b28c8aaf4c0c87fddae00ccb00dbc7b7951f95720a37a0a98b0df76a43c4c0,0,0
282dfd6c5d232ff49edfcb164b47b0e450bcf7e700148baa165f9da54f649e70,0,0
ea12ebbb4edff5540ce64cbe7c278e581a825fcf3edf030107a8f9dde470028d,0,0
d463cbd8e770e799234c31b8103d6357d6b3fb7586c6b8bf5daab5c86ad407f4,0,0
9bb3d60cdcd07d7c1a5f122af672c548b34da6e488ef6e822829a084b2d8d7e6,0,0
5e5a823124ee807892a9d8922bb9b10fd5dc757f8c5843dfe6389aab6cac8f32,0,0
df7750263482265ac9922d252f617ad6414188a7a3c6a8e7fb96a9aaa0b7c7cd,0,0
db654d7fb1da225c7e5ea6deb1dd576b1a35ef9819405f04bd8f4e062635636f,0,0
7261da83aba5db780716c7bdbeb01393d7d030b9283230eb5c89e7be87d17fa1,0,0
ab0a03a21288653a8d055192824c97fcda79b9eb92b58f8662533677845e5c1c,0,0
58ff7d8fc7b80b3f9d3695371351a2fb03dbcb79231e6cd4d1e3eaf96839d44f,0,0
962c1b47ed8dbd920282d6b04ed94c9dc9f13b7b83f8ee345a3a36bfea1abfbf,0,0
62c1149a8b305376e962248f27c18c75a070fb97b7df84b584e1574a31505781,0,0
93975bddb56e7bf88fe87f78f46a775d6af6f1c53cbd8342e7810fe4ee221dac,0,0
9e6b16ea7c5a7d95fcc004010afc18faee185b5c4039693e0966e295df0d111b,0,0
b4bda88ec07f01cd234cb78d6bec8a911d5ebc8f4222130edcefd400e6dfec40,0,0
1e7886a6ba5828b483b4d0db48dd5a0164de2248dc7ee7f476f89a9fe91aa63f,0,0
7ee5ceda79419cdf24a985b967da7db0869242af5eadeed5fce69f1a4f51292c,0,0
a17a5f37fc79a6949144dee0855eec89f98c7f6275b91ce0b2095d7697d873c5,0,0
9e80d07ad0e93304a9e6373f66b09038992401819616a614796652b1da4da9d9,0,0
70ff919f231f8462954f72bddcd0648e103d91572488299e79a364c30f38ddf2,0,0
41ebda8e5ebf0906e89e9c83415be226f007ee9f874e04a063ff206e91f91b1f,0,0
45e9db357b70c76858364c7068c6f747a41674a1e36c68353854fbe8c10d0455,0,0
636d97237e36b4e3dd2dd48af183b3e36c6715afa4c4000f05cf38eb2c08d000,0,0
d9d57502e01d3ae0ec9b0ad1f8909c6cd2352ba76519888a98f2ac33cda0926e,0,0
7c742d8b9bea956b69a0d85f8052c54e44f57b4a4c5c703c71f7f422936ebe28,0,0
6b8b6246858b0cf2c285ffa5296cf650dbbbb69db1bcecde1ae09c5e1d8b2bb3,0,0
6d2fc3bff79a5aff891828a4a2c3ea5e4300020ba60aaa649f0aa5dab6a9e69f,0,0
31f9e9dd171e825a067edb79ad08179c62db7ff9560852ce1c2b5ff40de43098,0,0
58cde9f2d368aa0c16f0a237ea85bbdef934d12f7240785470c02769d22b87f8,0,0
79fb8924897136ebfbc058f28b1603849520a3f2ddff24bcac13777dbb0364ee,0,0
4282d30ab55febc4f70d35d78b312f7df6f1464427bd58037ab84ff238343eb3,0,0
782627d11ec9d643c74caf0936311f6420b17d2e1b9bffb8503d0044806ae07b,0,0
a8eb7118c0411594021b9b8e4c7cf8c7a6bc34a243769e6bd97dc7a80c2980d4,0,0
c9185a3274251d9e8f7e2db28ace7c4b49a16734c2c55a37e9262007b9b21196,0,0
8241c8218dc52d94bfc03973317da90851efed82e7d490bde5b13f97cbd32731,0,0
9f9ef9aea0cf82a285976dece3408c90994e15b5bb5b7299fe90173c80bde83f,0,0
df22f339335dca82239d1f06f7bcd20ee85d942cc0ed67dffdfd2747f1c2a86e,0,0
f90f814ca2f0122bce0262b57e60c1db9a3291a11025b51eab9e377a6ce41d3d,0,0
35a4c9f6e5bdab29e5a5661a2985e55ac5bf21a776b71b71a33b059678780a51,0,0
0d9ed7d52ec288e0348dfe2ce7f717f9fff57b6c5211c0c8ad99a0e38b5db813,0,0
15bab2fb22c463307471d9a7637d025b455cb0ee235d8b50f724625f0443f732,0,0
af84cd7043eb79b66452259ca70aea19058f0397d892006b37685b8419685931,1,0
2f1090a4e2f2ab3e959c4e90b8739f0b5223da3bdd6de50f7e4d747972d9186e,0,0
9738fa7cf0ba482688869d4a7e49caf90255fe21613151bdf2d462951f0a2c20,0,0
f54acacaeeaf13ec5129086941b6f36061526b9878711b8b99b5b1b123671bdb,0,0
4ca0af4844724ad6a06b36b0c9a7aaa12fd07ce9fc84896126be73f63a55ffb6,0,0
ee1fb7257f09e1f47d939f91fc196c25a7e837a158b6570a0adc7e8c5b7aec5f,0,0
1a0ccfb580648faa141ebafaa1d3ade38bb8651dfb9941332b3fa0e1efa32204,0,0
9ddd5b624f41591507d2ea697da729d4707216268ab2fbd25227c9009f49d920,0,0
32d7ef0fc9c3519f2a914b9d5de8f74313e8471b8a95ec8f07e355d946dfa0ec,0,0
03440835f3246b2ce6a25ca96f295044d220cfd503005df00510ff8c0ee5a526,0,0
426d2a4ba0a84ebaa6e93f45000b8c49d0a5449c8e0a1ede03f17e3ce6fd3769,0,0
169bc6568be4efa1818095ae834ce29a7ecf1fc03b03f321c8976dd07d1f259c,0,0
f0202645acc1c718fef2d93500fa796007a75d2ac9cfbdcadac35d3522f9c34f,0,0
ba26b7eecad2cd58c28a57d5ef07a4316ed6412dadbb71aafea53bffb85c9cfd,0,0
05a83e1a15d86a555d2844880def15f5fc4397801f8b8676b2025fd2de6a89ad,0,0
ccaf1a6d77d369c11ba87ddd548c6398363a88a3a371c7aaa2ad823578a5fd5e,0,0
1049840c61a2d62ef32b8fe9c8b167cce87f35106f098fcde9d192a343ce1464,0,0
dc8b014db2ce62183608cbb38ccaee4e4365ad0d1417466522bf02c5800c3a62,0,0
445a15be8cc899c477e32183346c1d85e84911405d34949bdcc2d2aaeace9dd0,0,0
091a8b1b2fc4cf0b10dd7ffa832adec38560a3deeb9a374ee22585f4be74e71c,0,0
785a9af5b53696e5acaadba2bcfa578743cd5731d192add4e512907c8527e90f,0,0
d6b0618eb357461dfae62ecff256197ccb7cf061b351e7d6f52c82c7e34059e2,0,0
66d7f8686ce159ea3d7e96af3e5ee9c6c155f9d7a61126196a5af4701e007af6,0,0
d0d4068cdac1a649450b1f1eaae2bc1b41263e5d9a2ebae74e3ba7062e5d08c3,0,0
4593b545325ffb7a29186dab0a7e2fd8afe655a372842725c9ed55f468454bed,0,0
879821b573472ba0abbada51f312a490b9b90ff144d73eb99c44885d00c99971,0,0
bdc77669146e0cc12f2cdc2895392e8c3d69c62a903d14ee8977eaa43a2a019e,1,0
15751b8bd6cc1f91cbc007e11cc6082298f3e608c3387ae262ebd56bb8620844,0,0
8536d371295d25be3dc9cd69c5c4ddaf91d97f3694822ab2c97a7848c1ac2cb0,0,0
fa1a5c9b34cafa17944402bf6b926f7aff250dac9dfadda73889182f2eb10cb2,0,0
4b9a081f129786fcbf13a6c66cf7f4c0228cc325d132ba728c4d0e3a9f17a0ab,0,0
5a51834851611e1fddf3cca663900545e1d4f5bf6bc20002d5c49bc5f2ef3a80,0,0
5938f9e98b2266f7871cab4eec68d6a0ae7eed36791a72d7dac2988851d377a1,1,0
72ea6a1346f1d24b96eee556902c7f9060067a8f9238c16dd2143f696175efde,0,0
e13cf4b7e13a09facd6da84040599306ae5755b2ca3f472d603c6496af2a3550,0,0
5300578be5fcd7ba3000ec7a85657fcccb77d3bcc86cbfb049b55b9d06be323d,0,0
8501d8a52a046aa839d6d1a7fa54190f3358717a80ba199341deba05ed021a5f,0,0
87e299a6f95439c5831b65c5e665c5ccaae50dfd945446e861368e80ad727a95,0,0
0068d399e0175f664fee353eee36cf6c21c46326a75fff808edd2d02878e5c86,0,0
0d58d5c45eac4507ee96964ebdaab7bfc2a347dcd7b898333d2873318fb2fc47,0,0
04c0a310095db791cb239cbeae4375160775d3becd2dd5dd99e41465d9794a25,0,0
e9961ded94aaf8cb224d6be1cb4c93a8b6489732576ce2c2a11632a3af3cde66,0,0
b0fab749e8e3ef0f7ca9a2b62a4193b5a988c200a7b7265cd90957191f38f2c1,0,0
32593fc567dfd33bc7d7524e70dca9f923a5fb24fd0db498da27c27e75809c2a,0,0
32162a636546bdac13ca49e3475cb20f4b6a8cf259501a09eb59bc4626f1b35a,0,0
e52e6e7769c5c9f496f46a9874c3867c19cca0b64288962a2f8e61a4853111f9,0,0
fb2359f0a390f71d89431141cb63ad1892d4b3237d7f01ea151d2813651b0a25,0,0
6cb373be5051d63b0e391e9d57e8b959298a0c03c72e2f8a7708856d60f68b50,0,0
99c899c53ac37282640088f3baf0c9004cb71745017e0a0507c08d4b321f2f7b,0,0
fb3da3d6fe5698699b6d0336c3e0abf827722dc0abd735f89baa66e36b88015e,0,0
f06a6d05bb257019f1a5b016e61e54126d09923f1ebec0baa43ad3b3036000df,0,0
e3fe4bbca7a6bf97e2a0dc7934460d5d5864d101e0a9f80ffb248006d8b3a3fe,0,0
af890928ffd8a8df4149167901e24240687fa102329f3c7ffbdfbc1f6ceb3bfb,0,0
38f1cb093f0106aeee5f1d1528dd1d46593cd4e25dcff1d60cff3ad0a13f4028,0,0
65ebc7f095a5ccda63f1bac6bb1247f2ecb4cf09e230007555471014f6f26900,0,0
d6bb27c1cd7112c8e0e04d4f264248040fb986f9a67b1b3f5d32ffa228901296,0,0
33b8fee2e75ed17db1e09357fc1e32ebd7062318293692d1be4cf8f5a9f48bbc,0,0
dae4161bd5dd073c024cc54c618241dd405f9d8019d2dcfa685cff8c7e8a8e7b,0,0
91c1c9d03d59fd083336fd33907a9478dd15945e234f3dee462a06b7e70673b5,0,0
a4067ccce2d933224417e7fd8b4f64d6fdb5823211a42eab045a5153e2ddead4,0,0
bac764ae312c2b1c437710befa739e387ca68817d58c1dde0810a58d90561ee2,0,0
ccb59733062ed654a9d262e83ac523ea1ca9f2d8d28504ef31ff57b314fd6932,0,0
81564012d20583e471f43b909a9cff48bffa7ca3b1d3b0dd8ab8f52d275a4261,0,0
7b883d8004ea3a73532b37014144e80da48f9ca6cff82d5f24f556622c9003c1,0,0
2885a130d1b1db38afbd7388e19a1ca924c351ed5911f83e8b849677976e024b,0,0
4392f4f766d3a4a7132bfa042e3faab86bf432ab4172bec7778c97898129c002,0,0
42090b58a661403e26b18af6decafd621ff2acc2a7b5857c1d1bab3617fa6626,0,0
844defaa255ad60659a20a173c55c7d527e029125abec97b28888b97e4ada067,0,0
f96173db6dd84eee9db0eef23c77649e8853e9f59cc16d17449d0dacce84dc72,0,0
887b99d78b96480874e2454081ac6c5afbd77c627b2fbe5d9dcf3ba040b39488,0,0
92192c7c0bc2b41a05c4cc1acf5688264b0747fb4b77f0b1b94d16f59026106f,0,0
63dd5cd7f2b02a359cef3744126ed4f3871e43fcc031d443745351a772407ebe,0,0
ebaef06a9ee0e8752c9b709cf744a1730ae716e95266be13237f1af1e0b846da,0,0
1840a8ea9897af673fd3f82add47199351bfb5306ead04b31c19bf7aea5823c0,0,0
51ce9ce38c9ecb120e200264da45777fe949e1344fa171e064e1a71fbdab2bbe,0,0
6ea5d887ce54909e114c8f6a6f011c790b89c239bb5f8cafda1b4a549823fbae,0,0
0613f6d485d77adcbb5b35c04e37c08422599cf539afec4f8c4bf2a19f076cfc,1,0
7288a0866bfac3bf5ef6155552f5f1a89e227c0c43d82b290e9cdc17ee552030,0,0
5ce748be416e460eb6f0798cece362514c0e2f9c0db563559bc94b7cde6f3706,0,0
ca89b74b21c2cc9925863339e913dfc2dc3407fea80c159b646f53193e2b3754,0,0
a836c17b9661b0e6b5ddc1e1bd8c42db07ba29fd402ff151970b81b6a841d501,0,0
cef043d2a461bbde8919c7286438f48355e24345aefa39c5fb7fec04600230f5,0,0
7b73834e760b456059a34468531ce9f95c898c70e6fe3f047e3e6084148d665c,0,0
1a344bc7e5bbafbd16452ee56277b5fbe00b51ab6caffb44106efc18633cd894,0,0
b22563d11ab5048c89d4e4599b6b9d1e173e639f5752f59c4463930c9a667d68,0,0
5874d6fc49e4208efef91238d07575eef74945bc88b13d609d6117a6c1314a69,0,0
bfaf73d96882c6d25bcd7ade87194e30e551bfe7f54d8ce23b97fbe07c300e0a,0,0
5626b49701bc33a53d63f87e5a535fdcee17f92d688d1f2034b7c30e67f1230b,0,0
64bcc70ae8b4f793c785a196e00c15dacc662a020c47a0064e125c44676cbda3,0,0
a6cefce984694aff585a5ba02885b3506f76c37561bff9fe77b81e51bffcb79f,0,0
6ce81a74d3b1a623a83acd66acded96f425c78561be7131382a7130dd4d803b6,0,0
d06ac8b72affcd16098f941c2cca73abc988c534648b2d989c88c35dc476d50d,0,0
52690d27167132c9ebdff82d4ac7c5be5d07a310b340765f64119debf15c9439,0,0
7e77583548ed2067147385b2b44c8f1fd10dc23022833efedc53b14dde09f32d,0,0
e19129914c62fa1239bff2902999b9784dfd148985d69f5eadb943d9ce106524,0,0
d78502c232cced59dbe4cce77f1c85bba189cbc750755ed8d90ff969669a374c,0,0
a628eead03fd03cde4fdabab6423198a170a73d53d5bf37612f2b2db0a708ba3,0,0
d03214ecfded0053e23ea91dddca05d2279fc78e1015aa6b5c9b633b0a508473,0,0
8a012228d6e7e24364e349bd31cc5cdc4383adfbb3ebf4e9f06288ef7ee60e10,0,0
b41c97d86312abf0005958b500aeb3d852ac22179cd9eb9ba36e8fec3f54bd96,0,0
eb6f33ff9e5c425768ce097a8b3dc4506b3c404fde1a379113e53b0ee153f7e3,0,0
4905f6ed7ba23a0324da2248d82876200b0759b1564aa99639780aca04297d2b,0,0
b3a89886f459db4d85cb6425a4919efd07076e1686a5033bc4d42247682637ac,0,0
7573d0a680dfac8ac84dc5cffa47af25029ae7eb318e235ce7fb633d7014819d,0,0
735ecc8ebbe2710b4e55a7d0ea80107ef562e56cc47fe605704cda05a58fba95,0,0
27c47b7d654c3becf719d9b0172d826de969585267c964d062ffee56d9d6234e,0,0
fbb549c66a10bad26f05429dd3684a22221a0eb9a7c424d1f7d989779a3dd890,0,0
5898e1c6254106bc43670f3bf52e85f3dfe84e5519e08f4573a86fac0f50c736,0,0
0ff4df0ef780e552ed5219c349b5edcde6563f401f0dc72227cfef49beba9a21,0,0
2cd9458efed6814a02f9f8b733680df07613a90fd48977af4b2194b9e8ab9c62,0,0
aeca0a2c2512c322e7a7503c5dc994fc4149b3c8481cb3bc9c2091526141db91,0,0
e1778a2c9df1863d042a9493204148e8b46ed774469bb75191c60dd40487554f,0,0
813d8f243e7459771a3b30a6b3646f36826a5e65ab50cb2cfca1afe672649abb,0,0
2c89ba9901ff0ffdca854a2fd0092942fac77352ebda8c5cbdcf6e276266fad3,0,0
9bc59fef86cf61b23e877c3b7eacfe3f3745b36c15f5b3c7cf9b858203ed7685,0,0
a11ffd7834a466840f5259e2907d88e720694b5a4b6fce4db5142ee5b43c409d,0,0
5ca49aa8de5dd1ebfcce3042985d5514e61b4d8b4011590acc25b2bd7945e3aa,0,0
1a757c366f23156a45d45edd9ffebf7e08a5bcb70315f90caa05dde0a9340486,0,0
a74fec5828e46205280f88ddb00f5b0144e1d35afe81a0fb09fc7f2b9dec06d6,0,0
9d73c400874495470ff02a2af660f8b5e077535d527137014f6ed14c116deb75,0,0
5bfc90129aee369c8937462e7c3f6b641a3fdb1c2e7d7db18f51673c4f8a541f,0,0
70e5b2f60fb075ff7caf4cbb66d58b1127dfa4cdf119146a710f4cf30ffa8bcb,0,0
884561733afaf36b605e430b273520d44bcf82a54484fe6e9fcb05d751787bdb,0,0
4a3571b8baa2394bc7bbb90464e491a8be6b353d77af93ae43d843688655ada2,0,0
b3dabb1bcd942fe8c38d3fe79ad624a9c5f3d19a4058bb929c02a34eb05df7ee,0,0
5a8f32317a8b22d07a0814ed6e6d3f1dbfaa995394fc7823f719a5c5fe776792,0,0
48b58638a8e917bb9be7f16a9ffcf832e57fe83e317848a9545d1a3f34fc8039,0,0
ce0f10849a5e8e0e08d761eee2b4518abd04a494895325830b1c821d444560d7,0,0
